# invocation psum0_expected psum1_expected
0 -919 -711
1 -786 -687
2 -957 -596
3 -802 -788
4 -789 -806
5 -811 -1045
6 -563 -823
7 -726 -716
8 -843 -719
9 -718 -638
10 -736 -900
11 -938 -929
12 -971 -906
13 -725 -1000
14 -1035 -924
15 -782 -763
16 -693 -849
17 -867 -936
18 -919 -806
19 -620 -910
20 -589 -547
21 -848 -708
22 -800 -676
23 -687 -705
24 -683 -1055
25 -781 -691
26 -945 -912
27 -853 -969
28 -811 -916
29 -926 -621
30 -836 -559
31 -871 -902
32 -838 -769
33 -611 -653
34 -621 -681
35 -516 -779
36 -618 -819
37 -1086 -887
38 -1009 -847
39 -745 -470
40 -712 -610
41 -557 -1023
42 -744 -647
43 -744 -681
44 -777 -851
45 -642 -748
46 -900 -952
47 -878 -869
48 -991 -762
49 -1083 -909
50 -1048 -679
51 -977 -692
52 -881 -880
53 -667 -545
54 -528 -926
55 -672 -806
56 -706 -678
57 -731 -780
58 -878 -987
59 -760 -1003
60 -777 -718
61 -726 -680
62 -766 -595
63 -723 -560
64 -533 -542
65 -673 -858
66 -675 -903
67 -886 -718
68 -882 -815
69 -1227 -687
70 -943 -911
71 -758 -942
72 -685 -701
73 -604 -590
74 -671 -540
75 -396 -804
76 -692 -744
77 -768 -957
78 -1055 -640
79 -550 -664
80 -851 -708
81 -925 -777
82 -971 -844
83 -975 -715
84 -901 -877
85 -908 -873
86 -882 -727
87 -1050 -902
88 -846 -899
89 -864 -871
90 -588 -1031
91 -937 -973
92 -546 -989
93 -810 -651
94 -879 -503
95 -623 -612
96 -598 -456
97 -897 -604
98 -882 -711
99 -810 -885
100 -612 -700
101 -902 -916
102 -913 -1042
103 -796 -917
104 -762 -851
105 -788 -816
106 -563 -592
107 -749 -944
108 -733 -1008
109 -868 -794
110 -521 -798
111 -799 -972
112 -783 -1018
113 -776 -740
114 -826 -577
115 -1085 -819
116 -898 -651
117 -700 -860
118 -704 -656
119 -739 -966
120 -877 -713
121 -680 -874
122 -773 -802
123 -911 -849
124 -686 -753
125 -1100 -977
126 -866 -1041
127 -809 -855
128 -1002 -775
129 -1094 -1012
130 -993 -923
131 -616 -762
132 -862 -759
133 -891 -835
134 -950 -988
135 -664 -944
136 -738 -672
137 -621 -699
138 -867 -653
139 -558 -850
140 -845 -931
141 -821 -732
142 -763 -637
143 -796 -414
144 -966 -797
145 -734 -687
146 -792 -565
147 -672 -441
148 -711 -688
149 -688 -543
150 -680 -672
151 -742 -634
152 -916 -908
153 -896 -984
154 -659 -768
155 -447 -903
156 -618 -793
157 -701 -846
158 -812 -983
159 -538 -574
160 -729 -585
161 -746 -800
162 -719 -585
163 -756 -779
164 -745 -565
165 -960 -618
166 -744 -562
167 -779 -680
168 -709 -855
169 -371 -812
170 -618 -881
171 -754 -870
172 -694 -586
173 -841 -548
174 -686 -437
175 -746 -457
176 -863 -506
177 -614 -524
178 -776 -582
179 -499 -561
180 -707 -576
181 -923 -784
182 -727 -763
183 -733 -869
184 -900 -623
185 -723 -698
186 -869 -949
187 -1024 -846
188 -864 -651
189 -906 -909
190 -439 -717
191 -495 -923
192 -851 -737
193 -853 -792
194 -826 -838
195 -897 -682
196 -929 -489
197 -601 -765
198 -722 -790
199 -688 -1007
200 -562 -992
201 -933 -876
202 -741 -801
203 -806 -904
204 -834 -989
205 -721 -1074
206 -784 -821
207 -822 -779
208 -593 -812
209 -878 -864
210 -780 -798
211 -774 -600
212 -748 -645
213 -752 -745
214 -602 -796
215 -700 -504
216 -490 -607
217 -698 -656
218 -928 -733
219 -832 -828
220 -739 -761
221 -851 -796
222 -764 -600
223 -899 -704
224 -960 -892
225 -860 -657
226 -965 -682
227 -939 -776
228 -1034 -958
229 -699 -840
230 -841 -978
231 -1159 -932
232 -866 -649
233 -759 -908
234 -902 -761
235 -959 -797
236 -1005 -773
237 -872 -809
238 -897 -794
239 -854 -858
240 -767 -933
241 -494 -679
242 -651 -893
243 -662 -834
244 -677 -875
245 -743 -1079
246 -706 -890
247 -964 -906
248 -734 -622
249 -725 -780
250 -792 -715
251 -969 -799
252 -644 -1113
253 -610 -757
254 -833 -587
255 -614 -532
256 -690 -948
257 -703 -1042
258 -757 -1012
259 -614 -739
260 -505 -511
261 -851 -794
262 -581 -759
263 -677 -1035
264 -897 -727
265 -795 -754
266 -815 -684
267 -923 -724
268 -844 -1101
269 -489 -652
270 -932 -511
271 -704 -628
272 -719 -674
273 -723 -685
274 -695 -998
275 -796 -949
276 -559 -858
277 -735 -825
278 -545 -816
279 -555 -684
280 -791 -803
281 -814 -830
282 -838 -629
283 -1024 -843
284 -921 -959
285 -798 -650
286 -721 -785
287 -672 -846
288 -624 -813
289 -950 -603
290 -738 -880
291 -914 -1137
292 -851 -665
293 -909 -861
294 -984 -1015
295 -668 -847
296 -710 -711
297 -636 -588
298 -830 -954
299 -668 -945
300 -872 -972
301 -772 -1037
302 -865 -776
303 -712 -1008
304 -953 -895
305 -760 -802
306 -584 -560
307 -817 -926
308 -860 -1138
309 -768 -739
310 -763 -466
311 -945 -562
312 -716 -913
313 -605 -619
314 -476 -691
315 -573 -707
316 -614 -632
317 -754 -680
318 -701 -838
319 -842 -926
320 -566 -552
321 -732 -847
322 -628 -736
323 -539 -1008
324 -774 -650
325 -959 -948
326 -810 -577
327 -921 -996
328 -877 -995
329 -1039 -732
330 -793 -782
331 -890 -609
332 -798 -608
333 -909 -736
334 -976 -612
335 -964 -670
336 -783 -821
337 -865 -886
338 -1161 -779
339 -950 -910
340 -677 -747
341 -599 -828
342 -861 -621
343 -1069 -844
344 -935 -588
345 -984 -747
346 -592 -832
347 -741 -820
348 -718 -555
349 -739 -835
350 -681 -842
351 -777 -784
352 -724 -674
353 -632 -896
354 -731 -1004
355 -771 -765
356 -936 -824
357 -867 -755
358 -844 -735
359 -897 -969
360 -949 -710
361 -808 -826
362 -809 -700
363 -633 -705
364 -557 -727
365 -682 -753
366 -962 -807
367 -588 -633
368 -698 -427
369 -786 -874
370 -941 -868
371 -639 -852
372 -755 -706
373 -651 -892
374 -501 -831
375 -598 -689
376 -621 -440
377 -750 -835
378 -921 -802
379 -898 -523
380 -816 -689
381 -925 -906
382 -783 -734
383 -480 -941
384 -696 -801
385 -968 -1159
386 -1035 -916
387 -840 -865
388 -878 -659
389 -674 -1034
390 -714 -836
391 -858 -602
392 -1105 -438
393 -783 -751
394 -926 -561
395 -740 -636
396 -776 -699
397 -726 -723
398 -859 -962
399 -592 -937
400 -894 -815
401 -840 -663
402 -1020 -747
403 -718 -708
404 -696 -640
405 -786 -755
406 -942 -811
407 -900 -834
408 -678 -943
409 -779 -631
410 -908 -971
411 -1047 -725
412 -915 -695
413 -926 -484
414 -839 -828
415 -708 -905
416 -610 -688
417 -646 -555
418 -847 -732
419 -723 -601
420 -527 -664
421 -943 -1028
422 -649 -720
423 -928 -668
424 -799 -1031
425 -861 -1243
426 -779 -1021
427 -781 -1033
428 -963 -851
429 -871 -629
430 -733 -632
431 -583 -677
432 -746 -885
433 -832 -614
434 -902 -701
435 -800 -776
436 -1045 -721
437 -662 -367
438 -703 -399
439 -709 -675
440 -720 -847
441 -819 -790
442 -749 -722
443 -723 -619
444 -630 -792
445 -782 -937
446 -740 -714
447 -855 -689
448 -626 -671
449 -571 -690
450 -913 -923
451 -653 -790
452 -676 -609
453 -659 -724
454 -796 -763
455 -562 -517
456 -766 -784
457 -1073 -665
458 -659 -722
459 -836 -764
460 -784 -579
461 -861 -541
462 -736 -702
463 -680 -817
464 -880 -1148
465 -821 -455
466 -642 -520
467 -1249 -938
468 -1103 -916
469 -701 -836
470 -776 -1036
471 -688 -879
472 -845 -862
473 -614 -812
474 -1061 -906
475 -858 -791
476 -838 -793
477 -606 -504
478 -754 -535
479 -926 -887
480 -886 -728
481 -701 -809
482 -605 -711
483 -909 -822
484 -800 -476
485 -564 -663
486 -875 -826
487 -568 -573
488 -713 -654
489 -514 -650
490 -734 -801
491 -571 -528
492 -632 -639
493 -921 -925
494 -866 -1187
495 -672 -891
496 -664 -606
497 -999 -837
498 -632 -1127
499 -645 -979
500 -915 -667
501 -862 -768
502 -542 -836
503 -797 -562
504 -608 -843
505 -993 -962
506 -910 -885
507 -690 -507
508 -980 -839
509 -856 -754
510 -798 -905
511 -688 -788
512 -741 -849
513 -849 -736
514 -990 -956
515 -855 -961
516 -674 -1006
517 -701 -815
518 -696 -860
519 -1127 -850
520 -666 -641
521 -458 -593
522 -647 -726
523 -828 -929
524 -1071 -1049
525 -807 -827
526 -360 -591
527 -523 -718
528 -644 -1066
529 -537 -871
530 -835 -734
531 -801 -761
532 -940 -1061
533 -783 -931
534 -739 -833
535 -653 -833
536 -877 -796
537 -722 -1027
538 -1027 -1037
539 -956 -1102
540 -1012 -718
541 -899 -651
542 -1005 -834
543 -886 -847
544 -826 -900
545 -689 -748
546 -438 -754
547 -295 -692
548 -794 -671
549 -797 -849
550 -754 -947
551 -665 -776
552 -626 -739
553 -737 -716
554 -880 -755
555 -812 -490
556 -871 -662
557 -759 -567
558 -751 -673
559 -754 -713
560 -964 -766
561 -722 -883
562 -676 -655
563 -675 -633
564 -812 -726
565 -1032 -624
566 -808 -888
567 -640 -794
568 -666 -740
569 -819 -1010
570 -739 -877
571 -721 -650
572 -853 -873
573 -799 -884
574 -665 -695
575 -830 -686
576 -846 -621
577 -760 -754
578 -956 -550
579 -694 -589
580 -424 -504
581 -577 -920
582 -590 -727
583 -469 -700
584 -790 -875
585 -754 -775
586 -970 -1060
587 -623 -805
588 -812 -826
589 -564 -456
590 -742 -795
591 -852 -820
592 -732 -931
593 -588 -698
594 -450 -743
595 -815 -759
596 -879 -928
597 -767 -942
598 -1023 -1010
599 -1228 -763
600 -638 -752
601 -868 -603
602 -935 -719
603 -896 -816
604 -845 -711
605 -706 -833
606 -682 -789
607 -886 -874
608 -911 -872
609 -909 -1004
610 -821 -1011
611 -801 -986
612 -675 -794
613 -667 -885
614 -945 -985
615 -948 -709
616 -831 -725
617 -1033 -866
618 -635 -705
619 -747 -657
620 -678 -969
621 -639 -666
622 -891 -836
623 -586 -870
624 -524 -817
625 -587 -859
626 -698 -527
627 -613 -600
628 -608 -550
629 -787 -645
630 -983 -950
631 -715 -879
632 -719 -1146
633 -787 -1103
634 -795 -616
635 -653 -515
636 -1225 -637
637 -893 -956
638 -922 -960
639 -702 -830
640 -841 -698
641 -979 -670
642 -749 -672
643 -595 -813
644 -501 -820
645 -549 -937
646 -722 -883
647 -810 -798
648 -748 -917
649 -814 -576
650 -634 -561
651 -690 -954
652 -787 -585
653 -859 -877
654 -1007 -878
655 -815 -852
656 -646 -727
657 -829 -575
658 -800 -604
659 -1020 -843
660 -982 -673
661 -872 -693
662 -1090 -626
663 -663 -562
664 -679 -700
665 -635 -556
666 -815 -917
667 -1037 -973
668 -851 -893
669 -719 -783
670 -624 -686
671 -785 -954
672 -703 -848
673 -631 -759
674 -792 -844
675 -960 -786
676 -815 -678
677 -595 -760
678 -593 -1028
679 -621 -715
680 -672 -1032
681 -745 -822
682 -902 -768
683 -793 -1019
684 -758 -759
685 -653 -709
686 -825 -998
687 -727 -796
688 -434 -619
689 -675 -822
690 -825 -985
691 -836 -818
692 -989 -945
693 -635 -685
694 -669 -675
695 -839 -799
696 -740 -528
697 -718 -707
698 -817 -1009
699 -847 -862
700 -556 -670
701 -584 -613
702 -473 -643
703 -549 -558
704 -832 -772
705 -1100 -815
706 -883 -693
707 -685 -880
708 -577 -862
709 -940 -860
710 -802 -637
711 -814 -723
712 -863 -887
713 -644 -779
714 -646 -430
715 -496 -667
716 -438 -609
717 -636 -510
718 -849 -802
719 -533 -874
720 -1012 -766
721 -718 -975
722 -774 -923
723 -612 -780
724 -521 -765
725 -539 -835
726 -572 -670
727 -721 -744
728 -703 -537
729 -738 -724
730 -919 -858
731 -823 -960
732 -720 -847
733 -822 -837
734 -816 -640
735 -806 -681
736 -861 -932
737 -459 -759
738 -663 -815
739 -900 -686
740 -849 -873
741 -855 -1168
742 -533 -1023
743 -760 -870
744 -605 -834
745 -795 -912
746 -865 -900
747 -646 -790
748 -668 -921
749 -805 -995
750 -637 -638
751 -636 -444
752 -748 -801
753 -625 -750
754 -686 -842
755 -743 -866
756 -608 -815
757 -790 -931
758 -824 -960
759 -667 -714
760 -567 -778
761 -465 -670
762 -549 -613
763 -732 -857
764 -882 -992
765 -962 -870
766 -819 -681
767 -639 -755
768 -645 -633
769 -909 -843
770 -773 -944
771 -834 -785
772 -704 -615
773 -799 -874
774 -1005 -750
775 -775 -728
776 -952 -842
777 -870 -942
778 -1008 -1113
779 -589 -640
780 -811 -852
781 -880 -764
782 -785 -960
783 -503 -1038
784 -822 -637
785 -847 -715
786 -563 -803
787 -735 -715
788 -895 -723
789 -856 -697
790 -869 -734
791 -568 -830
792 -748 -795
793 -570 -729
794 -739 -716
795 -651 -674
796 -943 -753
797 -935 -833
798 -810 -762
799 -653 -781
800 -630 -490
801 -729 -547
802 -828 -749
803 -880 -870
804 -903 -840
805 -722 -1089
806 -613 -850
807 -794 -829
808 -836 -907
809 -734 -886
810 -709 -912
811 -546 -1077
812 -749 -683
813 -739 -775
814 -567 -695
815 -482 -724
816 -384 -597
817 -873 -875
818 -970 -790
819 -828 -726
820 -1131 -912
821 -897 -990
822 -575 -797
823 -606 -777
824 -780 -967
825 -735 -862
826 -778 -930
827 -697 -739
828 -771 -851
829 -923 -1074
830 -872 -958
831 -589 -782
832 -603 -814
833 -910 -637
834 -1104 -837
835 -548 -768
836 -651 -716
837 -843 -944
838 -1051 -931
839 -1057 -992
840 -1034 -977
841 -1010 -1057
842 -1088 -1003
843 -938 -990
844 -1057 -579
845 -1013 -844
846 -894 -867
847 -820 -872
848 -997 -799
849 -619 -659
850 -723 -854
851 -817 -775
852 -937 -701
853 -918 -767
854 -616 -669
855 -643 -719
856 -705 -927
857 -639 -989
858 -488 -1026
859 -504 -990
860 -517 -608
861 -832 -655
862 -780 -476
863 -631 -580
864 -646 -749
865 -809 -1021
866 -801 -611
867 -610 -479
868 -841 -816
869 -926 -1022
870 -818 -733
871 -818 -705
872 -783 -846
873 -719 -902
874 -897 -564
875 -1009 -754
876 -927 -591
877 -793 -783
878 -496 -788
879 -438 -710
880 -917 -550
881 -830 -799
882 -713 -764
883 -781 -666
884 -617 -656
885 -677 -760
886 -826 -650
887 -767 -449
888 -720 -513
889 -604 -641
890 -752 -976
891 -725 -757
892 -668 -801
893 -777 -929
894 -786 -640
895 -728 -969
896 -762 -815
897 -784 -717
898 -692 -600
899 -797 -856
900 -764 -1011
901 -855 -1054
902 -908 -982
903 -686 -906
904 -733 -849
905 -656 -697
906 -697 -397
907 -850 -624
908 -854 -580
909 -750 -725
910 -778 -783
911 -950 -937
912 -870 -869
913 -437 -859
914 -534 -885
915 -638 -917
916 -694 -1136
917 -740 -919
918 -686 -1030
919 -799 -791
920 -702 -758
921 -712 -955
922 -803 -631
923 -795 -879
924 -782 -965
925 -489 -668
926 -745 -791
927 -791 -708
928 -914 -774
929 -855 -418
930 -693 -608
931 -842 -912
932 -765 -719
933 -596 -653
934 -744 -883
935 -910 -916
936 -821 -912
937 -784 -793
938 -801 -600
939 -912 -1039
940 -915 -1095
941 -1015 -1206
942 -877 -830
943 -757 -694
944 -785 -827
945 -955 -859
946 -916 -906
947 -661 -709
948 -667 -441
949 -646 -543
950 -734 -625
951 -662 -593
952 -903 -710
953 -839 -607
954 -622 -740
955 -624 -928
956 -877 -865
957 -571 -957
958 -494 -752
959 -426 -773
960 -665 -593
961 -773 -765
962 -726 -965
963 -640 -673
964 -704 -803
965 -705 -808
966 -929 -639
967 -883 -460
968 -991 -564
969 -951 -705
970 -1162 -985
971 -706 -894
972 -816 -795
973 -798 -800
974 -697 -779
975 -760 -908
976 -656 -822
977 -1036 -780
978 -841 -782
979 -784 -964
980 -636 -824
981 -803 -1042
982 -922 -940
983 -880 -819
984 -673 -834
985 -787 -564
986 -746 -866
987 -580 -786
988 -509 -1003
989 -485 -651
990 -755 -777
991 -904 -701
992 -802 -616
993 -833 -497
994 -764 -806
995 -721 -828
996 -562 -665
997 -907 -812
998 -697 -640
999 -769 -699
1000 -831 -655
1001 -675 -842
1002 -569 -823
1003 -876 -825
1004 -804 -723
1005 -832 -809
1006 -687 -838
1007 -947 -626
1008 -791 -1117
1009 -973 -1068
1010 -853 -719
1011 -697 -766
1012 -760 -1143
1013 -997 -833
1014 -702 -767
1015 -586 -806
1016 -850 -651
1017 -1083 -792
1018 -1133 -887
1019 -1074 -917
1020 -941 -1009
1021 -928 -1024
1022 -826 -794
1023 -888 -1112
1024 -931 -986
1025 -797 -859
1026 -487 -761
1027 -781 -625
1028 -832 -696
1029 -817 -803
1030 -692 -832
1031 -619 -536
1032 -748 -638
1033 -581 -639
1034 -832 -957
1035 -890 -1017
1036 -729 -763
1037 -825 -1032
1038 -700 -838
1039 -921 -1048
1040 -873 -1024
1041 -961 -826
1042 -1018 -739
1043 -928 -1022
1044 -1000 -829
1045 -934 -771
1046 -637 -837
1047 -758 -702
1048 -709 -705
1049 -549 -369
1050 -478 -498
1051 -651 -695
1052 -809 -730
1053 -711 -520
1054 -701 -600
1055 -637 -657
1056 -618 -905
1057 -702 -843
1058 -730 -985
1059 -994 -748
1060 -1146 -1022
1061 -631 -809
1062 -804 -744
1063 -986 -894
1064 -767 -711
1065 -708 -638
1066 -800 -616
1067 -839 -660
1068 -857 -863
1069 -933 -924
1070 -1077 -1118
1071 -967 -1137
1072 -813 -661
1073 -825 -603
1074 -801 -764
1075 -629 -779
1076 -542 -641
1077 -565 -807
1078 -654 -660
1079 -1024 -801
1080 -857 -997
1081 -957 -880
1082 -548 -690
1083 -745 -825
1084 -670 -549
1085 -824 -823
1086 -901 -1071
1087 -854 -1000
1088 -878 -1024
1089 -870 -769
1090 -759 -965
1091 -810 -965
1092 -710 -573
1093 -772 -387
1094 -584 -763
1095 -614 -917
1096 -697 -877
1097 -615 -560
1098 -680 -681
1099 -685 -736
1100 -662 -633
1101 -863 -825
1102 -947 -942
1103 -683 -497
1104 -989 -981
1105 -719 -657
1106 -629 -768
1107 -981 -779
1108 -729 -810
1109 -616 -718
1110 -767 -832
1111 -847 -813
1112 -914 -654
1113 -897 -704
1114 -683 -846
1115 -672 -883
1116 -1110 -792
1117 -798 -985
1118 -926 -807
1119 -742 -848
1120 -684 -877
1121 -820 -1090
1122 -764 -929
1123 -825 -1068
1124 -824 -760
1125 -637 -889
1126 -866 -1172
1127 -787 -957
1128 -1157 -1050
1129 -857 -878
1130 -867 -797
1131 -693 -591
1132 -630 -685
1133 -812 -969
1134 -604 -708
1135 -694 -627
1136 -717 -615
1137 -732 -755
1138 -980 -808
1139 -923 -664
1140 -861 -842
1141 -726 -1006
1142 -922 -904
1143 -789 -781
1144 -886 -781
1145 -787 -703
1146 -602 -788
1147 -508 -500
1148 -811 -819
1149 -841 -724
1150 -865 -840
1151 -877 -922
1152 -902 -689
1153 -794 -815
1154 -620 -777
1155 -836 -710
1156 -798 -740
1157 -906 -1007
1158 -883 -904
1159 -631 -699
1160 -448 -614
1161 -821 -723
1162 -686 -794
1163 -570 -760
1164 -921 -579
1165 -786 -606
1166 -1027 -875
1167 -1075 -726
1168 -910 -751
1169 -726 -813
1170 -911 -798
1171 -748 -524
1172 -582 -747
1173 -873 -881
1174 -648 -561
1175 -671 -805
1176 -533 -908
1177 -887 -613
1178 -1030 -819
1179 -738 -835
1180 -911 -874
1181 -898 -884
1182 -604 -701
1183 -630 -554
1184 -783 -572
1185 -752 -926
1186 -704 -734
1187 -517 -943
1188 -588 -801
1189 -660 -722
1190 -875 -692
1191 -902 -761
1192 -780 -764
1193 -465 -946
1194 -850 -1044
1195 -780 -761
1196 -568 -844
1197 -819 -1017
1198 -624 -684
1199 -1031 -879
1200 -845 -457
1201 -859 -780
1202 -756 -1035
1203 -770 -726
1204 -691 -614
1205 -996 -717
1206 -747 -864
1207 -730 -688
1208 -818 -698
1209 -800 -644
1210 -942 -686
1211 -1092 -925
1212 -838 -967
1213 -759 -995
1214 -841 -1086
1215 -952 -692
1216 -828 -683
1217 -830 -819
1218 -648 -920
1219 -861 -1082
1220 -880 -845
1221 -899 -738
1222 -884 -934
1223 -749 -970
1224 -1013 -881
1225 -751 -879
1226 -1082 -715
1227 -900 -777
1228 -845 -466
1229 -999 -1016
1230 -751 -906
1231 -786 -930
1232 -634 -561
1233 -596 -683
1234 -711 -493
1235 -618 -869
1236 -748 -739
1237 -526 -591
1238 -702 -836
1239 -789 -906
1240 -878 -766
1241 -741 -797
1242 -772 -848
1243 -847 -652
1244 -714 -690
1245 -790 -765
1246 -938 -930
1247 -902 -878
1248 -912 -953
1249 -881 -897
1250 -795 -765
1251 -842 -731
1252 -794 -726
1253 -890 -772
1254 -775 -711
1255 -674 -578
1256 -1081 -730
1257 -890 -999
1258 -730 -781
1259 -608 -554
1260 -1006 -750
1261 -999 -808
1262 -881 -720
1263 -767 -881
1264 -899 -1051
1265 -708 -1052
1266 -884 -894
1267 -538 -833
1268 -639 -511
1269 -800 -955
1270 -655 -725
1271 -783 -481
1272 -607 -718
1273 -530 -652
1274 -701 -880
1275 -718 -844
1276 -546 -787
1277 -598 -617
1278 -965 -696
1279 -1086 -864
1280 -760 -898
1281 -671 -643
1282 -673 -508
1283 -747 -779
1284 -626 -556
1285 -860 -789
1286 -708 -830
1287 -443 -791
1288 -480 -649
1289 -469 -658
1290 -686 -670
1291 -448 -854
1292 -524 -822
1293 -656 -843
1294 -767 -702
1295 -751 -704
1296 -681 -1015
1297 -740 -1118
1298 -817 -867
1299 -824 -664
1300 -860 -897
1301 -851 -818
1302 -476 -719
1303 -556 -815
1304 -664 -760
1305 -720 -907
1306 -877 -885
1307 -939 -689
1308 -1089 -831
1309 -1080 -799
1310 -904 -542
1311 -918 -758
1312 -777 -778
1313 -755 -496
1314 -683 -1096
1315 -657 -906
1316 -755 -839
1317 -905 -1108
1318 -804 -725
1319 -1014 -790
1320 -822 -538
1321 -760 -693
1322 -743 -624
1323 -773 -584
1324 -907 -914
1325 -616 -914
1326 -888 -716
1327 -804 -905
1328 -999 -811
1329 -781 -963
1330 -673 -901
1331 -656 -730
1332 -706 -787
1333 -731 -700
1334 -685 -935
1335 -933 -1023
1336 -910 -989
1337 -638 -886
1338 -983 -754
1339 -801 -787
1340 -934 -933
1341 -970 -774
1342 -651 -833
1343 -633 -858
1344 -880 -864
1345 -599 -634
1346 -885 -922
1347 -887 -639
1348 -976 -583
1349 -821 -745
1350 -770 -668
1351 -574 -584
1352 -466 -469
1353 -518 -600
1354 -811 -518
1355 -1014 -829
1356 -950 -948
1357 -993 -1074
1358 -793 -726
1359 -877 -1094
1360 -668 -636
1361 -876 -912
1362 -1010 -850
1363 -958 -921
1364 -965 -851
1365 -902 -859
1366 -705 -777
1367 -928 -1100
1368 -860 -985
1369 -577 -700
1370 -850 -792
1371 -771 -995
1372 -921 -718
1373 -843 -751
1374 -945 -718
1375 -1024 -692
1376 -743 -669
1377 -787 -896
1378 -798 -720
1379 -817 -866
1380 -775 -844
1381 -911 -762
1382 -732 -610
1383 -587 -595
1384 -837 -859
1385 -746 -826
1386 -659 -815
1387 -670 -729
1388 -784 -577
1389 -782 -818
1390 -742 -672
1391 -691 -752
1392 -887 -997
1393 -752 -804
1394 -679 -863
1395 -818 -883
1396 -818 -859
1397 -582 -725
1398 -705 -857
1399 -1155 -908
1400 -870 -897
1401 -820 -728
1402 -851 -969
1403 -1025 -1032
1404 -866 -709
1405 -608 -383
1406 -589 -468
1407 -609 -583
1408 -726 -461
1409 -703 -663
1410 -719 -905
1411 -502 -668
1412 -617 -671
1413 -661 -925
1414 -583 -770
1415 -713 -912
1416 -528 -1101
1417 -808 -1000
1418 -814 -698
1419 -727 -767
1420 -599 -624
1421 -701 -851
1422 -972 -894
1423 -1001 -1003
1424 -729 -536
1425 -717 -445
1426 -843 -909
1427 -887 -791
1428 -779 -737
1429 -943 -807
1430 -661 -649
1431 -755 -637
1432 -593 -735
1433 -750 -856
1434 -758 -1063
1435 -804 -603
1436 -710 -749
1437 -869 -623
1438 -738 -886
1439 -648 -698
1440 -882 -1069
1441 -727 -1068
1442 -877 -855
1443 -772 -749
1444 -1065 -933
1445 -1164 -1037
1446 -929 -941
1447 -819 -717
1448 -722 -903
1449 -601 -511
1450 -558 -649
1451 -587 -321
1452 -875 -538
1453 -774 -771
1454 -662 -792
1455 -824 -906
1456 -763 -674
1457 -823 -909
1458 -741 -980
1459 -804 -849
1460 -1049 -690
1461 -1059 -803
1462 -776 -774
1463 -660 -794
1464 -792 -374
1465 -995 -943
1466 -831 -626
1467 -612 -754
1468 -666 -691
1469 -830 -805
1470 -374 -573
1471 -611 -707
1472 -747 -516
1473 -803 -374
1474 -833 -554
1475 -773 -773
1476 -625 -694
1477 -778 -603
1478 -931 -497
1479 -913 -719
1480 -806 -595
1481 -610 -574
1482 -485 -789
1483 -656 -616
1484 -814 -917
1485 -719 -1088
1486 -852 -690
1487 -675 -921
1488 -851 -761
1489 -862 -851
1490 -973 -693
1491 -512 -592
1492 -730 -633
1493 -669 -719
1494 -363 -780
1495 -746 -781
1496 -830 -1026
1497 -883 -844
1498 -918 -798
1499 -697 -962
1500 -904 -678
1501 -942 -834
1502 -895 -885
1503 -792 -674
1504 -783 -543
1505 -553 -707
1506 -610 -835
1507 -824 -727
1508 -581 -683
1509 -558 -808
1510 -1142 -724
1511 -872 -877
1512 -666 -796
1513 -593 -735
1514 -611 -1019
1515 -875 -1007
1516 -869 -453
1517 -717 -716
1518 -730 -785
1519 -1045 -515
1520 -1028 -771
1521 -717 -923
1522 -807 -848
1523 -765 -870
1524 -774 -575
1525 -668 -817
1526 -395 -825
1527 -556 -853
1528 -878 -767
1529 -844 -382
1530 -710 -392
1531 -459 -555
1532 -518 -526
1533 -550 -405
1534 -652 -875
1535 -656 -734
1536 -797 -863
1537 -962 -824
1538 -745 -873
1539 -770 -780
1540 -763 -564
1541 -814 -754
1542 -937 -777
1543 -1013 -725
1544 -991 -788
1545 -610 -670
1546 -709 -947
1547 -816 -903
1548 -854 -735
1549 -756 -674
1550 -691 -733
1551 -1011 -1015
1552 -973 -810
1553 -811 -882
1554 -462 -630
1555 -798 -933
1556 -794 -531
1557 -841 -882
1558 -976 -776
1559 -970 -740
1560 -877 -677
1561 -733 -635
1562 -588 -661
1563 -776 -766
1564 -939 -813
1565 -679 -808
1566 -711 -733
1567 -551 -979
1568 -891 -708
1569 -662 -548
1570 -666 -617
1571 -691 -639
1572 -635 -849
1573 -470 -579
1574 -544 -848
1575 -900 -597
1576 -906 -488
1577 -782 -820
1578 -610 -713
1579 -743 -524
1580 -819 -800
1581 -852 -829
1582 -986 -615
1583 -883 -817
1584 -642 -761
1585 -917 -871
1586 -924 -815
1587 -1002 -708
1588 -904 -629
1589 -499 -683
1590 -636 -452
1591 -844 -782
1592 -808 -875
1593 -765 -807
1594 -665 -669
1595 -759 -878
1596 -484 -742
1597 -575 -794
1598 -714 -595
1599 -1056 -668
1600 -883 -931
1601 -1113 -957
1602 -633 -727
1603 -647 -620
1604 -313 -598
1605 -754 -1060
1606 -706 -791
1607 -758 -1063
1608 -795 -843
1609 -963 -913
1610 -790 -1018
1611 -755 -891
1612 -606 -803
1613 -832 -1072
1614 -485 -716
1615 -717 -535
1616 -881 -797
1617 -919 -789
1618 -726 -666
1619 -667 -813
1620 -863 -985
1621 -782 -731
1622 -819 -908
1623 -813 -776
1624 -577 -954
1625 -849 -804
1626 -687 -633
1627 -785 -663
1628 -611 -749
1629 -620 -644
1630 -518 -645
1631 -568 -740
1632 -758 -854
1633 -753 -986
1634 -937 -607
1635 -982 -666
1636 -965 -924
1637 -755 -836
1638 -845 -617
1639 -940 -1013
1640 -690 -916
1641 -910 -922
1642 -967 -912
1643 -818 -1109
1644 -680 -939
1645 -808 -948
1646 -754 -613
1647 -858 -728
1648 -927 -833
1649 -1050 -952
1650 -822 -875
1651 -844 -910
1652 -752 -759
1653 -920 -978
1654 -717 -816
1655 -886 -865
1656 -953 -876
1657 -812 -627
1658 -682 -593
1659 -803 -745
1660 -628 -811
1661 -456 -758
1662 -633 -668
1663 -773 -945
1664 -795 -909
1665 -820 -936
1666 -790 -836
1667 -938 -979
1668 -500 -766
1669 -704 -799
1670 -941 -1047
1671 -919 -984
1672 -923 -889
1673 -876 -819
1674 -733 -685
1675 -722 -648
1676 -774 -665
1677 -826 -640
1678 -511 -847
1679 -791 -1170
1680 -772 -866
1681 -798 -751
1682 -866 -868
1683 -954 -959
1684 -933 -1070
1685 -722 -715
1686 -741 -760
1687 -818 -1101
1688 -676 -626
1689 -902 -729
1690 -867 -827
1691 -874 -716
1692 -664 -757
1693 -473 -974
1694 -734 -738
1695 -885 -730
1696 -477 -827
1697 -518 -588
1698 -848 -775
1699 -989 -760
1700 -779 -842
1701 -710 -864
1702 -655 -806
1703 -692 -685
1704 -912 -738
1705 -726 -661
1706 -817 -623
1707 -1000 -867
1708 -698 -544
1709 -743 -741
1710 -695 -928
1711 -830 -708
1712 -667 -825
1713 -651 -659
1714 -938 -606
1715 -980 -772
1716 -1106 -678
1717 -1105 -817
1718 -917 -988
1719 -845 -812
1720 -808 -762
1721 -813 -722
1722 -826 -880
1723 -945 -701
1724 -768 -483
1725 -759 -609
1726 -702 -1044
1727 -911 -848
1728 -1075 -752
1729 -787 -669
1730 -728 -651
1731 -817 -617
1732 -935 -943
1733 -875 -689
1734 -760 -776
1735 -895 -895
1736 -733 -641
1737 -794 -883
1738 -741 -693
1739 -655 -693
1740 -644 -763
1741 -815 -916
1742 -812 -1104
1743 -898 -701
1744 -830 -609
1745 -685 -811
1746 -800 -817
1747 -468 -653
1748 -909 -955
1749 -937 -975
1750 -757 -834
1751 -813 -708
1752 -597 -446
1753 -1065 -827
1754 -807 -880
1755 -814 -827
1756 -539 -788
1757 -676 -722
1758 -688 -586
1759 -643 -891
1760 -530 -652
1761 -617 -905
1762 -824 -992
1763 -741 -879
1764 -780 -688
1765 -680 -834
1766 -739 -824
1767 -807 -876
1768 -857 -829
1769 -888 -438
1770 -850 -855
1771 -983 -687
1772 -586 -701
1773 -527 -821
1774 -621 -903
1775 -831 -809
1776 -636 -936
1777 -963 -1085
1778 -782 -977
1779 -789 -755
1780 -885 -604
1781 -837 -803
1782 -784 -698
1783 -716 -908
1784 -771 -750
1785 -1015 -559
1786 -724 -635
1787 -946 -882
1788 -885 -944
1789 -791 -850
1790 -717 -786
1791 -903 -622
1792 -687 -727
1793 -772 -792
1794 -860 -857
1795 -514 -786
1796 -710 -588
1797 -786 -851
1798 -1046 -716
1799 -917 -849
1800 -890 -768
1801 -674 -808
1802 -905 -942
1803 -753 -714
1804 -683 -795
1805 -845 -665
1806 -687 -706
1807 -780 -770
1808 -587 -798
1809 -642 -595
1810 -811 -913
1811 -786 -669
1812 -571 -905
1813 -763 -915
1814 -1130 -889
1815 -1036 -950
1816 -873 -1005
1817 -697 -583
1818 -510 -798
1819 -878 -886
1820 -751 -979
1821 -827 -898
1822 -746 -663
1823 -916 -856
1824 -820 -1022
1825 -797 -789
1826 -798 -945
1827 -899 -573
1828 -1002 -694
1829 -601 -806
1830 -864 -765
1831 -923 -601
1832 -736 -321
1833 -707 -896
1834 -981 -852
1835 -948 -646
1836 -851 -699
1837 -670 -873
1838 -836 -944
1839 -1016 -746
1840 -930 -1127
1841 -746 -674
1842 -773 -733
1843 -791 -791
1844 -601 -846
1845 -440 -810
1846 -1045 -768
1847 -1008 -827
1848 -552 -623
1849 -564 -837
1850 -868 -912
1851 -872 -1075
1852 -846 -916
1853 -698 -882
1854 -990 -834
1855 -826 -1166
1856 -950 -1245
1857 -673 -1137
1858 -645 -889
1859 -724 -766
1860 -987 -676
1861 -879 -795
1862 -811 -771
1863 -952 -838
1864 -719 -816
1865 -866 -845
1866 -1141 -843
1867 -775 -656
1868 -818 -541
1869 -868 -844
1870 -847 -889
1871 -852 -963
1872 -674 -473
1873 -845 -539
1874 -1070 -950
1875 -823 -887
1876 -654 -843
1877 -803 -647
1878 -549 -934
1879 -787 -905
1880 -703 -766
1881 -718 -770
1882 -1018 -673
1883 -770 -566
1884 -650 -737
1885 -749 -614
1886 -861 -841
1887 -957 -1227
1888 -1009 -918
1889 -837 -627
1890 -973 -749
1891 -701 -446
1892 -946 -974
1893 -682 -953
1894 -716 -814
1895 -952 -930
1896 -749 -631
1897 -985 -857
1898 -811 -930
1899 -852 -1112
1900 -919 -1051
1901 -782 -764
1902 -699 -837
1903 -725 -914
1904 -674 -737
1905 -582 -750
1906 -605 -892
1907 -750 -683
1908 -924 -808
1909 -827 -535
1910 -598 -809
1911 -737 -809
1912 -834 -902
1913 -734 -646
1914 -1030 -1079
1915 -802 -786
1916 -576 -734
1917 -835 -591
1918 -1127 -1006
1919 -945 -720
1920 -818 -748
1921 -864 -759
1922 -884 -1156
1923 -807 -789
1924 -653 -887
1925 -722 -890
1926 -1008 -666
1927 -770 -670
1928 -725 -613
1929 -491 -590
1930 -530 -562
1931 -685 -555
1932 -880 -775
1933 -838 -827
1934 -942 -803
1935 -942 -526
1936 -1077 -830
1937 -1001 -841
1938 -751 -1014
1939 -467 -638
1940 -823 -708
1941 -739 -748
1942 -499 -864
1943 -811 -889
1944 -869 -794
1945 -901 -570
1946 -790 -696
1947 -710 -684
1948 -935 -1052
1949 -924 -934
1950 -711 -686
1951 -795 -968
1952 -817 -684
1953 -951 -770
1954 -1126 -949
1955 -1040 -947
1956 -947 -762
1957 -674 -828
1958 -759 -538
1959 -775 -877
1960 -743 -763
1961 -1138 -772
1962 -834 -903
1963 -941 -882
1964 -1003 -640
1965 -806 -655
1966 -696 -756
1967 -829 -888
1968 -576 -798
1969 -821 -749
1970 -974 -690
1971 -603 -581
1972 -832 -846
1973 -883 -880
1974 -691 -630
1975 -1004 -704
1976 -992 -504
1977 -698 -763
1978 -576 -527
1979 -805 -631
1980 -560 -634
1981 -816 -639
1982 -889 -662
1983 -601 -779
1984 -637 -582
1985 -869 -1014
1986 -718 -672
1987 -760 -834
1988 -1017 -673
1989 -640 -472
1990 -962 -904
1991 -1007 -735
1992 -725 -706
1993 -998 -732
1994 -639 -666
1995 -682 -820
1996 -674 -786
1997 -968 -638
1998 -1057 -980
1999 -702 -739
2000 -807 -708
2001 -778 -830
2002 -757 -837
2003 -618 -562
2004 -957 -925
2005 -1017 -752
2006 -913 -788
2007 -625 -569
2008 -682 -113
2009 -733 -629
2010 -952 -760
2011 -696 -640
2012 -977 -654
2013 -957 -534
2014 -580 -598
2015 -796 -600
2016 -675 -617
2017 -732 -598
2018 -856 -556
2019 -813 -632
2020 -1068 -697
2021 -859 -874
2022 -757 -819
2023 -925 -756
2024 -1011 -536
2025 -1018 -864
2026 -585 -698
2027 -367 -1021
2028 -554 -829
2029 -571 -535
2030 -785 -906
2031 -861 -1087
2032 -784 -1107
2033 -968 -888
2034 -934 -871
2035 -914 -844
2036 -1012 -749
2037 -903 -685
2038 -606 -791
2039 -749 -800
2040 -674 -740
2041 -882 -1064
2042 -1026 -891
2043 -688 -601
2044 -845 -949
2045 -916 -912
2046 -800 -778
2047 -684 -855
2048 -428 -520
2049 -589 -540
2050 -605 -530
2051 -742 -699
2052 -545 -830
2053 -913 -938
2054 -743 -889
2055 -727 -602
2056 -610 -648
2057 -814 -855
2058 -967 -875
2059 -787 -760
2060 -925 -660
2061 -870 -729
2062 -1000 -971
2063 -701 -739
2064 -1075 -780
2065 -1182 -806
2066 -964 -937
2067 -583 -830
2068 -948 -811
2069 -992 -963
2070 -1002 -802
2071 -1039 -888
2072 -460 -816
2073 -765 -819
2074 -822 -612
2075 -766 -678
2076 -566 -741
2077 -575 -685
2078 -612 -701
2079 -787 -515
2080 -928 -667
2081 -673 -781
2082 -719 -604
2083 -626 -818
2084 -500 -785
2085 -790 -886
2086 -775 -805
2087 -885 -1028
2088 -967 -881
2089 -800 -559
2090 -700 -702
2091 -696 -802
2092 -693 -482
2093 -375 -743
2094 -673 -827
2095 -820 -870
2096 -848 -806
2097 -750 -726
2098 -953 -578
2099 -805 -430
2100 -712 -1098
2101 -966 -616
2102 -667 -714
2103 -675 -614
2104 -541 -727
2105 -637 -770
2106 -643 -732
2107 -726 -852
2108 -775 -661
2109 -757 -799
2110 -772 -738
2111 -990 -709
2112 -694 -842
2113 -708 -934
2114 -597 -688
2115 -742 -774
2116 -706 -1095
2117 -677 -1050
2118 -635 -957
2119 -967 -718
2120 -781 -889
2121 -795 -869
2122 -803 -672
2123 -889 -671
2124 -906 -715
2125 -804 -750
2126 -470 -1094
2127 -629 -659
2128 -1008 -751
2129 -934 -787
2130 -1024 -1000
2131 -793 -696
2132 -702 -618
2133 -835 -793
2134 -937 -624
2135 -981 -727
2136 -790 -735
2137 -550 -797
2138 -640 -667
2139 -573 -613
2140 -1024 -974
2141 -942 -938
2142 -973 -802
2143 -946 -744
2144 -518 -800
2145 -487 -670
2146 -580 -577
2147 -748 -754
2148 -720 -1021
2149 -834 -861
2150 -623 -1048
2151 -731 -804
2152 -798 -686
2153 -1034 -793
2154 -746 -831
2155 -826 -644
2156 -664 -635
2157 -895 -928
2158 -1008 -864
2159 -936 -907
2160 -1012 -840
2161 -570 -785
2162 -578 -999
2163 -979 -979
2164 -966 -939
2165 -947 -520
2166 -752 -602
2167 -901 -886
2168 -856 -762
2169 -825 -555
2170 -958 -968
2171 -781 -960
2172 -489 -707
2173 -728 -740
2174 -793 -463
2175 -636 -563
2176 -806 -825
2177 -699 -800
2178 -675 -677
2179 -610 -760
2180 -559 -634
2181 -798 -1036
2182 -765 -628
2183 -787 -653
2184 -563 -764
2185 -745 -705
2186 -940 -585
2187 -628 -588
2188 -843 -810
2189 -867 -675
2190 -726 -722
2191 -568 -644
2192 -446 -761
2193 -813 -821
2194 -911 -875
2195 -940 -921
2196 -667 -690
2197 -623 -546
2198 -671 -845
2199 -674 -844
2200 -745 -1014
2201 -573 -496
2202 -718 -637
2203 -729 -857
2204 -692 -805
2205 -926 -809
2206 -825 -875
2207 -894 -1089
2208 -927 -814
2209 -730 -896
2210 -775 -841
2211 -642 -737
2212 -831 -1007
2213 -786 -788
2214 -1093 -851
2215 -958 -703
2216 -606 -847
2217 -925 -1069
2218 -879 -557
2219 -654 -860
2220 -527 -648
2221 -663 -833
2222 -716 -757
2223 -752 -802
2224 -781 -811
2225 -554 -987
2226 -555 -587
2227 -885 -551
2228 -677 -820
2229 -665 -573
2230 -605 -767
2231 -785 -686
2232 -689 -444
2233 -848 -541
2234 -623 -623
2235 -800 -850
2236 -845 -878
2237 -592 -697
2238 -678 -590
2239 -1003 -570
2240 -948 -541
2241 -761 -583
2242 -899 -866
2243 -782 -539
2244 -422 -396
2245 -723 -574
2246 -1200 -1116
2247 -962 -995
2248 -1013 -765
2249 -743 -876
2250 -795 -777
2251 -856 -473
2252 -992 -571
2253 -960 -667
2254 -804 -741
2255 -898 -861
2256 -824 -689
2257 -950 -721
2258 -893 -830
2259 -882 -820
2260 -678 -784
2261 -985 -586
2262 -965 -783
2263 -981 -872
2264 -830 -954
2265 -796 -852
2266 -838 -823
2267 -657 -846
2268 -868 -843
2269 -900 -1144
2270 -609 -592
2271 -1030 -866
2272 -842 -952
2273 -830 -950
2274 -843 -865
2275 -788 -885
2276 -643 -827
2277 -817 -466
2278 -569 -703
2279 -872 -787
2280 -669 -468
2281 -565 -574
2282 -852 -664
2283 -743 -658
2284 -759 -639
2285 -638 -809
2286 -1196 -739
2287 -1212 -667
2288 -828 -958
2289 -841 -624
2290 -592 -791
2291 -719 -707
2292 -1027 -629
2293 -962 -701
2294 -788 -850
2295 -774 -895
2296 -794 -921
2297 -377 -852
2298 -543 -703
2299 -477 -687
2300 -656 -760
2301 -867 -745
2302 -564 -740
2303 -886 -677
2304 -738 -641
2305 -945 -729
2306 -1117 -895
2307 -778 -894
2308 -756 -669
2309 -706 -674
2310 -843 -778
2311 -536 -764
2312 -828 -587
2313 -945 -860
2314 -834 -572
2315 -1008 -630
2316 -678 -641
2317 -700 -759
2318 -639 -808
2319 -710 -503
2320 -558 -755
2321 -637 -683
2322 -628 -825
2323 -760 -977
2324 -885 -883
2325 -735 -659
2326 -780 -1001
2327 -937 -635
2328 -971 -945
2329 -636 -741
2330 -607 -752
2331 -690 -701
2332 -681 -764
2333 -665 -668
2334 -810 -581
2335 -889 -810
2336 -1024 -913
2337 -609 -631
2338 -835 -735
2339 -789 -798
2340 -609 -542
2341 -735 -650
2342 -659 -479
2343 -599 -774
2344 -880 -774
2345 -744 -953
2346 -849 -592
2347 -748 -853
2348 -932 -755
2349 -535 -809
2350 -607 -773
2351 -738 -574
2352 -682 -722
2353 -777 -633
2354 -454 -531
2355 -579 -633
2356 -676 -413
2357 -554 -509
2358 -576 -655
2359 -787 -744
2360 -1058 -866
2361 -975 -911
2362 -1010 -1077
2363 -640 -702
2364 -499 -645
2365 -1001 -609
2366 -832 -873
2367 -901 -866
2368 -880 -981
2369 -878 -865
2370 -687 -877
2371 -642 -771
2372 -922 -759
2373 -1031 -660
2374 -776 -805
2375 -617 -694
2376 -907 -649
2377 -884 -878
2378 -968 -707
2379 -794 -913
2380 -834 -1009
2381 -663 -840
2382 -895 -519
2383 -962 -771
2384 -1038 -670
2385 -816 -556
2386 -994 -765
2387 -772 -723
2388 -748 -707
2389 -843 -759
2390 -701 -693
2391 -688 -632
2392 -858 -939
2393 -892 -708
2394 -1000 -956
2395 -622 -789
2396 -516 -665
2397 -764 -976
2398 -800 -861
2399 -836 -1230
2400 -694 -1059
2401 -810 -754
2402 -923 -1103
2403 -665 -864
2404 -872 -834
2405 -861 -741
2406 -918 -580
2407 -868 -841
2408 -603 -623
2409 -614 -595
2410 -819 -687
2411 -837 -803
2412 -469 -736
2413 -816 -401
2414 -560 -613
2415 -739 -832
2416 -866 -712
2417 -804 -842
2418 -482 -749
2419 -565 -729
2420 -780 -729
2421 -782 -1080
2422 -924 -1048
2423 -768 -694
2424 -639 -667
2425 -871 -779
2426 -1061 -775
2427 -607 -845
2428 -734 -696
2429 -515 -771
2430 -417 -809
2431 -534 -831
2432 -950 -644
2433 -677 -600
2434 -760 -1050
2435 -905 -568
2436 -947 -624
2437 -1013 -772
2438 -809 -921
2439 -722 -899
2440 -721 -781
2441 -659 -881
2442 -771 -930
2443 -855 -848
2444 -882 -907
2445 -801 -851
2446 -674 -712
2447 -690 -707
2448 -793 -906
2449 -403 -856
2450 -769 -947
2451 -559 -794
2452 -633 -745
2453 -684 -866
2454 -850 -589
2455 -599 -527
2456 -690 -800
2457 -642 -759
2458 -603 -967
2459 -644 -956
2460 -697 -880
2461 -745 -805
2462 -732 -803
2463 -814 -748
2464 -629 -970
2465 -796 -824
2466 -1132 -771
2467 -805 -874
2468 -910 -749
2469 -632 -828
2470 -671 -880
2471 -895 -852
2472 -941 -817
2473 -886 -767
2474 -656 -957
2475 -820 -634
2476 -730 -839
2477 -534 -817
2478 -1033 -1018
2479 -818 -915
2480 -514 -668
2481 -963 -861
2482 -759 -678
2483 -506 -670
2484 -1038 -821
2485 -773 -633
2486 -657 -643
2487 -618 -731
2488 -1075 -970
2489 -885 -848
2490 -1088 -857
2491 -850 -1024
2492 -699 -905
2493 -467 -724
2494 -856 -938
2495 -863 -759
2496 -1234 -740
2497 -737 -901
2498 -897 -1080
2499 -879 -726
2500 -1023 -861
2501 -880 -1011
2502 -603 -791
2503 -486 -1001
2504 -527 -749
2505 -682 -880
2506 -480 -671
2507 -689 -693
2508 -678 -607
2509 -843 -499
2510 -835 -828
2511 -744 -772
2512 -857 -732
2513 -564 -870
2514 -755 -634
2515 -821 -838
2516 -840 -885
2517 -848 -875
2518 -718 -809
2519 -726 -928
2520 -961 -993
2521 -976 -1279
2522 -423 -688
2523 -773 -622
2524 -874 -471
2525 -709 -696
2526 -812 -907
2527 -671 -870
2528 -956 -1013
2529 -847 -1077
2530 -880 -805
2531 -1023 -506
2532 -882 -979
2533 -694 -888
2534 -632 -585
2535 -922 -652
2536 -1025 -767
2537 -920 -678
2538 -750 -630
2539 -818 -923
2540 -823 -837
2541 -590 -829
2542 -816 -695
2543 -875 -801
2544 -1004 -1091
2545 -902 -1014
2546 -600 -593
2547 -693 -603
2548 -778 -734
2549 -741 -691
2550 -903 -810
2551 -894 -1018
2552 -833 -875
2553 -685 -906
2554 -550 -810
2555 -617 -829
2556 -531 -760
2557 -798 -782
2558 -744 -1050
2559 -874 -790
2560 -785 -684
2561 -1035 -934
2562 -874 -634
2563 -692 -998
2564 -506 -643
2565 -728 -873
2566 -1004 -849
2567 -1066 -894
2568 -1063 -697
2569 -580 -918
2570 -856 -840
2571 -874 -498
2572 -808 -574
2573 -654 -698
2574 -855 -683
2575 -750 -556
2576 -730 -548
2577 -902 -670
2578 -670 -664
2579 -789 -613
2580 -691 -729
2581 -901 -782
2582 -956 -980
2583 -1006 -761
2584 -777 -726
2585 -712 -764
2586 -616 -626
2587 -911 -916
2588 -1199 -1099
2589 -1060 -894
2590 -809 -987
2591 -787 -845
2592 -569 -847
2593 -960 -763
2594 -952 -918
2595 -648 -772
2596 -545 -771
2597 -495 -982
2598 -706 -1020
2599 -716 -750
2600 -822 -705
2601 -1206 -1014
2602 -926 -806
2603 -808 -885
2604 -846 -929
2605 -761 -1134
2606 -780 -692
2607 -860 -747
2608 -729 -816
2609 -991 -964
2610 -901 -850
2611 -806 -620
2612 -722 -732
2613 -906 -987
2614 -897 -894
2615 -1085 -1074
2616 -935 -837
2617 -769 -881
2618 -1093 -623
2619 -1029 -907
2620 -992 -767
2621 -708 -439
2622 -766 -597
2623 -903 -685
2624 -1144 -678
2625 -893 -795
2626 -918 -768
2627 -755 -817
2628 -1095 -1084
2629 -795 -804
2630 -752 -936
2631 -778 -728
2632 -600 -717
2633 -882 -1013
2634 -866 -822
2635 -803 -920
2636 -771 -869
2637 -955 -724
2638 -1017 -770
2639 -1097 -802
2640 -727 -662
2641 -662 -766
2642 -752 -904
2643 -873 -937
2644 -880 -594
2645 -690 -343
2646 -946 -822
2647 -743 -757
2648 -757 -884
2649 -1018 -647
2650 -830 -689
2651 -674 -741
2652 -632 -892
2653 -916 -960
2654 -835 -1130
2655 -969 -1050
2656 -837 -932
2657 -695 -797
2658 -814 -857
2659 -830 -689
2660 -746 -494
2661 -794 -1108
2662 -548 -930
2663 -572 -850
2664 -808 -858
2665 -781 -609
2666 -734 -727
2667 -920 -684
2668 -872 -926
2669 -803 -1014
2670 -715 -821
2671 -548 -704
2672 -767 -808
2673 -767 -817
2674 -395 -672
2675 -672 -798
2676 -365 -757
2677 -600 -714
2678 -682 -1035
2679 -850 -794
2680 -681 -692
2681 -710 -437
2682 -692 -610
2683 -804 -961
2684 -791 -1019
2685 -624 -1125
2686 -795 -919
2687 -1149 -1062
2688 -1048 -1094
2689 -776 -736
2690 -731 -538
2691 -890 -961
2692 -1149 -1045
2693 -1017 -1095
2694 -950 -745
2695 -922 -913
2696 -1050 -939
2697 -630 -693
2698 -651 -729
2699 -642 -820
2700 -723 -790
2701 -938 -727
2702 -786 -979
2703 -399 -765
2704 -761 -835
2705 -832 -719
2706 -788 -924
2707 -625 -961
2708 -647 -604
2709 -1128 -912
2710 -1120 -1010
2711 -806 -849
2712 -491 -526
2713 -807 -738
2714 -692 -745
2715 -593 -701
2716 -462 -578
2717 -893 -700
2718 -663 -555
2719 -860 -660
2720 -638 -587
2721 -916 -724
2722 -867 -649
2723 -1055 -948
2724 -770 -761
2725 -807 -982
2726 -1006 -686
2727 -844 -857
2728 -940 -893
2729 -732 -766
2730 -748 -713
2731 -948 -1016
2732 -857 -809
2733 -814 -805
2734 -892 -753
2735 -777 -720
2736 -812 -944
2737 -885 -688
2738 -737 -890
2739 -642 -758
2740 -731 -842
2741 -871 -1031
2742 -861 -890
2743 -700 -616
2744 -999 -1076
2745 -816 -921
2746 -764 -818
2747 -665 -757
2748 -668 -750
2749 -513 -1160
2750 -483 -819
2751 -912 -702
2752 -1080 -966
2753 -952 -660
2754 -924 -1049
2755 -879 -608
2756 -910 -835
2757 -975 -919
2758 -700 -412
2759 -701 -696
2760 -766 -784
2761 -659 -891
2762 -765 -867
2763 -825 -609
2764 -705 -716
2765 -572 -534
2766 -668 -744
2767 -843 -712
2768 -846 -896
2769 -660 -682
2770 -692 -544
2771 -888 -717
2772 -644 -1152
2773 -862 -1075
2774 -735 -858
2775 -689 -865
2776 -978 -848
2777 -679 -842
2778 -773 -573
2779 -706 -451
2780 -463 -486
2781 -863 -878
2782 -954 -900
2783 -967 -1035
2784 -908 -944
2785 -995 -934
2786 -999 -1044
2787 -674 -586
2788 -660 -457
2789 -794 -578
2790 -815 -957
2791 -1139 -847
2792 -839 -884
2793 -993 -826
2794 -1216 -755
2795 -802 -926
2796 -712 -597
2797 -697 -808
2798 -703 -727
2799 -626 -750
2800 -925 -995
2801 -832 -1079
2802 -836 -936
2803 -624 -825
2804 -677 -870
2805 -545 -838
2806 -862 -813
2807 -1043 -741
2808 -953 -772
2809 -968 -812
2810 -921 -905
2811 -661 -856
2812 -998 -860
2813 -716 -690
2814 -870 -699
2815 -1013 -838
2816 -819 -702
2817 -836 -885
2818 -529 -660
2819 -852 -759
2820 -947 -1034
2821 -1004 -670
2822 -642 -748
2823 -982 -938
2824 -701 -869
2825 -778 -632
2826 -790 -865
2827 -731 -864
2828 -710 -982
2829 -785 -771
2830 -443 -694
2831 -871 -882
2832 -600 -1014
2833 -698 -749
2834 -939 -723
2835 -926 -577
2836 -782 -471
2837 -803 -656
2838 -857 -926
2839 -985 -1015
2840 -987 -841
2841 -833 -676
2842 -1083 -1160
2843 -711 -680
2844 -678 -557
2845 -592 -558
2846 -809 -870
2847 -873 -926
2848 -802 -624
2849 -633 -834
2850 -743 -848
2851 -694 -1016
2852 -690 -787
2853 -853 -828
2854 -1048 -715
2855 -916 -851
2856 -742 -932
2857 -652 -698
2858 -1053 -889
2859 -1144 -904
2860 -1007 -931
2861 -795 -1208
2862 -759 -708
2863 -784 -790
2864 -816 -775
2865 -789 -688
2866 -608 -606
2867 -664 -906
2868 -763 -659
2869 -764 -918
2870 -766 -939
2871 -685 -984
2872 -819 -803
2873 -981 -710
2874 -1183 -652
2875 -847 -637
2876 -1006 -679
2877 -768 -609
2878 -853 -840
2879 -723 -908
2880 -661 -827
2881 -1009 -986
2882 -1074 -791
2883 -1137 -654
2884 -759 -725
2885 -661 -809
2886 -379 -721
2887 -609 -881
2888 -798 -609
2889 -920 -757
2890 -996 -762
2891 -879 -771
2892 -822 -920
2893 -894 -801
2894 -696 -779
2895 -621 -750
2896 -648 -823
2897 -628 -649
2898 -1023 -1044
2899 -831 -1012
2900 -878 -822
2901 -881 -872
2902 -946 -864
2903 -867 -809
2904 -1090 -789
2905 -790 -873
2906 -504 -546
2907 -953 -528
2908 -1002 -594
2909 -1059 -811
2910 -850 -857
2911 -650 -1089
2912 -651 -789
2913 -715 -660
2914 -516 -830
2915 -798 -905
2916 -743 -1155
2917 -946 -864
2918 -989 -722
2919 -767 -607
2920 -536 -823
2921 -423 -623
2922 -679 -848
2923 -830 -787
2924 -883 -891
2925 -763 -709
2926 -832 -646
2927 -635 -631
2928 -651 -529
2929 -786 -905
2930 -938 -754
2931 -454 -671
2932 -547 -577
2933 -630 -610
2934 -661 -676
2935 -721 -875
2936 -845 -660
2937 -779 -767
2938 -799 -687
2939 -781 -580
2940 -721 -821
2941 -731 -879
2942 -687 -844
2943 -714 -757
2944 -692 -885
2945 -1095 -1050
2946 -823 -1022
2947 -855 -799
2948 -742 -1082
2949 -605 -1123
2950 -438 -866
2951 -747 -786
2952 -956 -916
2953 -810 -836
2954 -785 -813
2955 -590 -837
2956 -879 -891
2957 -816 -840
2958 -984 -949
2959 -784 -848
2960 -854 -947
2961 -599 -911
2962 -776 -836
2963 -946 -705
2964 -920 -728
2965 -794 -775
2966 -1231 -713
2967 -795 -766
2968 -1006 -841
2969 -822 -728
2970 -904 -839
2971 -760 -878
2972 -707 -744
2973 -688 -576
2974 -644 -698
2975 -824 -474
2976 -999 -719
2977 -829 -752
2978 -889 -876
2979 -1332 -892
2980 -869 -1014
2981 -707 -691
2982 -718 -950
2983 -801 -913
2984 -797 -964
2985 -861 -889
2986 -834 -998
2987 -536 -767
2988 -832 -1059
2989 -885 -715
2990 -890 -849
2991 -757 -540
2992 -987 -423
2993 -628 -660
2994 -689 -850
2995 -560 -834
2996 -721 -886
2997 -714 -960
2998 -586 -737
2999 -867 -860
3000 -870 -846
3001 -850 -632
3002 -562 -732
3003 -773 -933
3004 -799 -875
3005 -472 -797
3006 -621 -779
3007 -734 -793
3008 -864 -698
3009 -797 -743
3010 -744 -626
3011 -664 -856
3012 -884 -564
3013 -765 -791
3014 -693 -836
3015 -965 -945
3016 -907 -929
3017 -740 -870
3018 -631 -818
3019 -487 -753
3020 -758 -981
3021 -801 -860
3022 -885 -673
3023 -987 -677
3024 -841 -883
3025 -800 -589
3026 -841 -555
3027 -879 -792
3028 -412 -765
3029 -578 -711
3030 -524 -805
3031 -633 -861
3032 -728 -754
3033 -834 -808
3034 -888 -785
3035 -614 -634
3036 -757 -831
3037 -804 -775
3038 -505 -965
3039 -877 -983
3040 -904 -902
3041 -975 -708
3042 -720 -859
3043 -1003 -853
3044 -1138 -982
3045 -1012 -1058
3046 -952 -1081
3047 -616 -903
3048 -608 -937
3049 -756 -925
3050 -914 -836
3051 -896 -646
3052 -958 -524
3053 -484 -806
3054 -652 -873
3055 -725 -877
3056 -885 -950
3057 -832 -758
3058 -763 -751
3059 -978 -891
3060 -927 -728
3061 -875 -987
3062 -843 -923
3063 -740 -613
3064 -706 -593
3065 -566 -520
3066 -875 -676
3067 -786 -1032
3068 -731 -724
3069 -859 -702
3070 -593 -910
3071 -607 -810
3072 -807 -572
3073 -893 -852
3074 -641 -776
3075 -688 -584
3076 -882 -765
3077 -940 -839
3078 -933 -916
3079 -909 -532
3080 -404 -539
3081 -867 -874
3082 -953 -991
3083 -751 -778
3084 -755 -663
3085 -560 -589
3086 -620 -564
3087 -748 -734
3088 -747 -809
3089 -743 -826
3090 -822 -622
3091 -700 -611
3092 -544 -531
3093 -920 -878
3094 -780 -806
3095 -659 -952
3096 -603 -878
3097 -686 -854
3098 -828 -817
3099 -760 -873
3100 -659 -1102
3101 -903 -921
3102 -710 -1012
3103 -808 -1016
3104 -733 -781
3105 -744 -594
3106 -949 -646
3107 -724 -719
3108 -912 -689
3109 -868 -655
3110 -893 -788
3111 -706 -898
3112 -572 -649
3113 -726 -913
3114 -782 -867
3115 -605 -723
3116 -953 -861
3117 -783 -819
3118 -927 -667
3119 -746 -687
3120 -838 -718
3121 -846 -670
3122 -858 -742
3123 -498 -598
3124 -666 -736
3125 -808 -863
3126 -398 -946
3127 -606 -614
3128 -846 -564
3129 -886 -724
3130 -864 -744
3131 -882 -704
3132 -878 -746
3133 -805 -718
3134 -983 -739
3135 -822 -693
3136 -584 -525
3137 -903 -631
3138 -1020 -720
3139 -821 -675
3140 -992 -856
3141 -770 -847
3142 -811 -708
3143 -1151 -746
3144 -861 -791
3145 -879 -1039
3146 -728 -700
3147 -910 -653
3148 -974 -752
3149 -686 -828
3150 -904 -778
3151 -764 -907
3152 -943 -785
3153 -918 -1026
3154 -841 -643
3155 -402 -786
3156 -845 -699
3157 -910 -948
3158 -688 -598
3159 -591 -640
3160 -653 -703
3161 -242 -544
3162 -614 -462
3163 -662 -427
3164 -720 -672
3165 -662 -693
3166 -795 -839
3167 -705 -571
3168 -874 -860
3169 -717 -874
3170 -707 -999
3171 -910 -908
3172 -982 -941
3173 -876 -962
3174 -811 -934
3175 -772 -479
3176 -963 -634
3177 -981 -804
3178 -577 -579
3179 -1017 -835
3180 -896 -860
3181 -651 -737
3182 -746 -738
3183 -710 -714
3184 -828 -834
3185 -962 -828
3186 -1026 -884
3187 -771 -533
3188 -698 -630
3189 -686 -790
3190 -831 -694
3191 -813 -755
3192 -764 -796
3193 -814 -803
3194 -743 -797
3195 -750 -878
3196 -713 -710
3197 -778 -799
3198 -831 -763
3199 -803 -986
3200 -779 -1082
3201 -713 -934
3202 -781 -708
3203 -670 -975
3204 -630 -902
3205 -698 -656
3206 -850 -601
3207 -941 -942
3208 -930 -826
3209 -874 -615
3210 -758 -1002
3211 -891 -797
3212 -788 -875
3213 -693 -642
3214 -701 -756
3215 -866 -612
3216 -657 -949
3217 -533 -778
3218 -668 -657
3219 -690 -711
3220 -693 -701
3221 -769 -946
3222 -626 -766
3223 -964 -1016
3224 -864 -1090
3225 -545 -672
3226 -690 -752
3227 -631 -867
3228 -760 -752
3229 -1101 -1033
3230 -1037 -850
3231 -756 -458
3232 -811 -833
3233 -778 -908
3234 -569 -511
3235 -599 -508
3236 -754 -764
3237 -871 -716
3238 -926 -747
3239 -779 -921
3240 -871 -908
3241 -970 -1024
3242 -889 -956
3243 -953 -855
3244 -741 -958
3245 -518 -834
3246 -627 -768
3247 -709 -535
3248 -824 -975
3249 -965 -930
3250 -781 -668
3251 -659 -776
3252 -639 -477
3253 -405 -891
3254 -465 -461
3255 -511 -626
3256 -716 -973
3257 -685 -1130
3258 -676 -946
3259 -369 -673
3260 -570 -753
3261 -854 -828
3262 -702 -688
3263 -688 -662
3264 -761 -729
3265 -656 -685
3266 -895 -816
3267 -943 -711
3268 -993 -805
3269 -934 -731
3270 -1022 -869
3271 -880 -889
3272 -645 -702
3273 -419 -483
3274 -764 -678
3275 -1018 -858
3276 -892 -1078
3277 -651 -963
3278 -815 -840
3279 -524 -886
3280 -653 -806
3281 -569 -726
3282 -777 -713
3283 -789 -568
3284 -725 -784
3285 -573 -855
3286 -703 -822
3287 -840 -792
3288 -937 -868
3289 -674 -836
3290 -616 -684
3291 -559 -596
3292 -670 -809
3293 -972 -889
3294 -1152 -718
3295 -937 -649
3296 -828 -905
3297 -728 -1077
3298 -638 -1011
3299 -921 -999
3300 -655 -869
3301 -653 -879
3302 -600 -956
3303 -934 -960
3304 -776 -876
3305 -1206 -854
3306 -859 -948
3307 -854 -1149
3308 -998 -997
3309 -1052 -828
3310 -731 -1016
3311 -722 -849
3312 -524 -790
3313 -624 -674
3314 -813 -1035
3315 -759 -1026
3316 -561 -724
3317 -909 -790
3318 -883 -806
3319 -754 -894
3320 -1077 -960
3321 -1052 -762
3322 -829 -641
3323 -622 -788
3324 -708 -718
3325 -984 -912
3326 -964 -700
3327 -699 -731
3328 -882 -674
3329 -824 -755
3330 -949 -922
3331 -798 -823
3332 -731 -786
3333 -714 -721
3334 -817 -1018
3335 -782 -942
3336 -925 -616
3337 -931 -904
3338 -884 -814
3339 -895 -846
3340 -742 -912
3341 -770 -694
3342 -787 -752
3343 -609 -775
3344 -828 -902
3345 -790 -585
3346 -745 -665
3347 -956 -918
3348 -1078 -921
3349 -802 -943
3350 -836 -617
3351 -906 -618
3352 -865 -924
3353 -838 -666
3354 -818 -806
3355 -657 -620
3356 -969 -632
3357 -786 -929
3358 -542 -709
3359 -660 -870
3360 -541 -967
3361 -509 -876
3362 -519 -795
3363 -720 -892
3364 -914 -977
3365 -911 -839
3366 -737 -954
3367 -613 -1010
3368 -696 -686
3369 -790 -805
3370 -705 -960
3371 -591 -723
3372 -765 -957
3373 -655 -906
3374 -708 -679
3375 -583 -625
3376 -852 -955
3377 -684 -890
3378 -660 -828
3379 -504 -458
3380 -769 -703
3381 -871 -856
3382 -776 -884
3383 -848 -650
3384 -658 -497
3385 -863 -723
3386 -817 -633
3387 -715 -650
3388 -591 -850
3389 -839 -588
3390 -787 -894
3391 -604 -744
3392 -983 -783
3393 -901 -781
3394 -772 -576
3395 -701 -736
3396 -772 -728
3397 -985 -662
3398 -907 -720
3399 -774 -788
3400 -872 -1054
3401 -665 -605
3402 -867 -704
3403 -1098 -716
3404 -791 -751
3405 -878 -925
3406 -805 -795
3407 -889 -808
3408 -1036 -987
3409 -935 -773
3410 -809 -711
3411 -649 -961
3412 -681 -888
3413 -887 -1058
3414 -875 -927
3415 -790 -1023
3416 -654 -739
3417 -816 -709
3418 -999 -825
3419 -1058 -993
3420 -915 -729
3421 -769 -809
3422 -727 -788
3423 -682 -798
3424 -871 -638
3425 -868 -756
3426 -638 -904
3427 -725 -909
3428 -850 -838
3429 -826 -753
3430 -1191 -883
3431 -896 -820
3432 -960 -938
3433 -763 -793
3434 -683 -601
3435 -957 -702
3436 -907 -939
3437 -784 -852
3438 -792 -700
3439 -741 -920
3440 -749 -1018
3441 -911 -999
3442 -967 -947
3443 -945 -768
3444 -850 -841
3445 -807 -907
3446 -910 -900
3447 -892 -1162
3448 -1003 -916
3449 -890 -891
3450 -697 -900
3451 -891 -782
3452 -887 -734
3453 -555 -684
3454 -666 -535
3455 -690 -783
3456 -583 -808
3457 -707 -914
3458 -906 -814
3459 -1035 -848
3460 -1032 -743
3461 -938 -912
3462 -951 -749
3463 -887 -743
3464 -688 -850
3465 -539 -794
3466 -548 -644
3467 -718 -840
3468 -889 -974
3469 -829 -880
3470 -795 -772
3471 -791 -665
3472 -498 -916
3473 -602 -755
3474 -775 -879
3475 -909 -852
3476 -781 -920
3477 -579 -403
3478 -791 -521
3479 -744 -765
3480 -971 -710
3481 -691 -883
3482 -957 -711
3483 -1039 -789
3484 -944 -854
3485 -714 -732
3486 -590 -833
3487 -647 -710
3488 -644 -867
3489 -750 -917
3490 -854 -1010
3491 -1013 -664
3492 -855 -660
3493 -618 -918
3494 -734 -670
3495 -745 -610
3496 -1046 -584
3497 -1152 -873
3498 -1092 -915
3499 -937 -885
3500 -896 -963
3501 -722 -1070
3502 -904 -915
3503 -470 -847
3504 -642 -477
3505 -779 -959
3506 -939 -1163
3507 -928 -934
3508 -885 -538
3509 -944 -962
3510 -847 -869
3511 -661 -796
3512 -769 -573
3513 -1025 -832
3514 -878 -713
3515 -733 -711
3516 -560 -751
3517 -725 -661
3518 -602 -906
3519 -965 -919
3520 -896 -815
3521 -1013 -544
3522 -796 -551
3523 -995 -548
3524 -1025 -890
3525 -1078 -989
3526 -793 -712
3527 -693 -881
3528 -899 -652
3529 -834 -838
3530 -740 -747
3531 -771 -735
3532 -800 -633
3533 -978 -693
3534 -714 -982
3535 -850 -794
3536 -533 -544
3537 -918 -990
3538 -846 -1054
3539 -463 -884
3540 -678 -683
3541 -759 -824
3542 -839 -918
3543 -971 -897
3544 -1011 -566
3545 -696 -876
3546 -856 -773
3547 -701 -761
3548 -637 -691
3549 -709 -676
3550 -833 -918
3551 -715 -1124
3552 -762 -947
3553 -904 -1035
3554 -897 -814
3555 -643 -797
3556 -766 -1021
3557 -763 -932
3558 -572 -747
3559 -694 -882
3560 -842 -1032
3561 -865 -656
3562 -819 -797
3563 -933 -900
3564 -697 -754
3565 -849 -581
3566 -853 -737
3567 -767 -888
3568 -661 -802
3569 -1031 -684
3570 -788 -767
3571 -777 -663
3572 -825 -596
3573 -742 -900
3574 -640 -902
3575 -587 -745
3576 -862 -748
3577 -849 -652
3578 -766 -625
3579 -877 -863
3580 -875 -742
3581 -969 -912
3582 -1076 -878
3583 -691 -917
3584 -625 -1006
3585 -761 -829
3586 -996 -613
3587 -823 -924
3588 -619 -797
3589 -883 -681
3590 -993 -664
3591 -674 -758
3592 -502 -745
3593 -872 -872
3594 -774 -698
3595 -616 -888
3596 -1045 -703
3597 -865 -674
3598 -740 -488
3599 -770 -639
3600 -771 -791
3601 -695 -783
3602 -808 -633
3603 -821 -759
3604 -826 -988
3605 -833 -912
3606 -744 -548
3607 -821 -661
3608 -805 -760
3609 -655 -805
3610 -1020 -551
3611 -1240 -771
3612 -1121 -793
3613 -814 -782
3614 -627 -926
3615 -892 -883
3616 -730 -658
3617 -997 -946
3618 -999 -1034
3619 -950 -944
3620 -644 -830
3621 -628 -770
3622 -691 -541
3623 -808 -908
3624 -779 -789
3625 -711 -629
3626 -795 -978
3627 -771 -907
3628 -754 -782
3629 -676 -628
3630 -633 -685
3631 -759 -683
3632 -828 -672
3633 -985 -839
3634 -642 -473
3635 -800 -890
3636 -923 -700
3637 -720 -850
3638 -768 -825
3639 -764 -935
3640 -735 -967
3641 -823 -881
3642 -870 -727
3643 -656 -741
3644 -805 -905
3645 -881 -958
3646 -530 -728
3647 -470 -830
3648 -651 -714
3649 -823 -1016
3650 -753 -910
3651 -760 -776
3652 -746 -1100
3653 -651 -746
3654 -617 -788
3655 -876 -809
3656 -615 -638
3657 -716 -666
3658 -596 -738
3659 -764 -605
3660 -1062 -858
3661 -960 -911
3662 -973 -933
3663 -855 -911
3664 -982 -727
3665 -972 -721
3666 -798 -791
3667 -837 -649
3668 -751 -545
3669 -783 -703
3670 -802 -836
3671 -817 -912
3672 -792 -650
3673 -637 -590
3674 -584 -809
3675 -637 -775
3676 -737 -703
3677 -809 -937
3678 -635 -820
3679 -1070 -649
3680 -1096 -797
3681 -924 -1018
3682 -741 -835
3683 -795 -762
3684 -714 -724
3685 -772 -673
3686 -602 -661
3687 -829 -869
3688 -880 -896
3689 -891 -766
3690 -618 -802
3691 -682 -894
3692 -668 -680
3693 -803 -727
3694 -816 -769
3695 -724 -821
3696 -852 -521
3697 -864 -921
3698 -471 -927
3699 -759 -798
3700 -853 -922
3701 -714 -857
3702 -612 -1059
3703 -627 -1017
3704 -851 -928
3705 -915 -920
3706 -940 -895
3707 -526 -845
3708 -649 -782
3709 -782 -783
3710 -749 -842
3711 -1005 -913
3712 -991 -757
3713 -978 -614
3714 -713 -742
3715 -676 -644
3716 -900 -634
3717 -879 -809
3718 -649 -756
3719 -607 -688
3720 -675 -490
3721 -794 -682
3722 -1083 -902
3723 -638 -696
3724 -941 -934
3725 -960 -1142
3726 -971 -839
3727 -664 -780
3728 -611 -1066
3729 -567 -925
3730 -625 -804
3731 -984 -721
3732 -634 -757
3733 -723 -519
3734 -795 -578
3735 -717 -929
3736 -720 -1201
3737 -706 -786
3738 -882 -860
3739 -950 -1211
3740 -859 -722
3741 -547 -445
3742 -552 -682
3743 -974 -952
3744 -716 -578
3745 -737 -701
3746 -949 -917
3747 -727 -825
3748 -948 -968
3749 -696 -809
3750 -762 -971
3751 -679 -900
3752 -997 -928
3753 -980 -733
3754 -675 -451
3755 -630 -579
3756 -552 -656
3757 -478 -735
3758 -656 -728
3759 -756 -951
3760 -619 -997
3761 -799 -950
3762 -913 -1061
3763 -617 -568
3764 -621 -835
3765 -540 -931
3766 -759 -806
3767 -719 -1006
3768 -608 -906
3769 -774 -1183
3770 -942 -994
3771 -787 -708
3772 -685 -494
3773 -743 -670
3774 -922 -800
3775 -1034 -681
3776 -743 -970
3777 -520 -579
3778 -1041 -738
3779 -1012 -961
3780 -910 -699
3781 -582 -733
3782 -595 -718
3783 -839 -396
3784 -633 -648
3785 -713 -900
3786 -848 -847
3787 -761 -668
3788 -777 -773
3789 -738 -773
3790 -994 -742
3791 -992 -934
3792 -963 -1069
3793 -892 -985
3794 -862 -700
3795 -834 -700
3796 -723 -780
3797 -889 -633
3798 -850 -585
3799 -863 -771
3800 -764 -738
3801 -518 -737
3802 -751 -663
3803 -859 -860
3804 -794 -951
3805 -800 -887
3806 -799 -931
3807 -679 -693
3808 -879 -804
3809 -1122 -778
3810 -798 -683
3811 -573 -758
3812 -550 -541
3813 -626 -477
3814 -518 -465
3815 -479 -697
3816 -586 -598
3817 -955 -848
3818 -622 -854
3819 -973 -600
3820 -933 -842
3821 -717 -924
3822 -937 -935
3823 -1092 -1127
3824 -754 -739
3825 -777 -805
3826 -589 -949
3827 -875 -625
3828 -929 -668
3829 -775 -930
3830 -1009 -889
3831 -996 -968
3832 -812 -836
3833 -972 -855
3834 -1004 -929
3835 -922 -776
3836 -824 -805
3837 -840 -866
3838 -813 -969
3839 -641 -932
3840 -643 -745
3841 -689 -589
3842 -672 -579
3843 -617 -758
3844 -696 -644
3845 -716 -803
3846 -869 -756
3847 -941 -798
3848 -1011 -803
3849 -638 -730
3850 -784 -1035
3851 -695 -916
3852 -897 -870
3853 -799 -851
3854 -701 -718
3855 -605 -843
3856 -839 -903
3857 -913 -569
3858 -719 -698
3859 -818 -945
3860 -876 -866
3861 -900 -939
3862 -831 -828
3863 -715 -737
3864 -766 -708
3865 -669 -554
3866 -973 -855
3867 -865 -945
3868 -704 -802
3869 -465 -695
3870 -652 -785
3871 -829 -692
3872 -556 -768
3873 -606 -591
3874 -804 -713
3875 -645 -902
3876 -861 -1061
3877 -1042 -920
3878 -699 -745
3879 -517 -852
3880 -891 -528
3881 -920 -807
3882 -1002 -717
3883 -844 -808
3884 -849 -734
3885 -910 -651
3886 -593 -1051
3887 -899 -970
3888 -1025 -1060
3889 -805 -790
3890 -516 -655
3891 -830 -773
3892 -1108 -880
3893 -694 -758
3894 -715 -768
3895 -700 -841
3896 -545 -651
3897 -593 -824
3898 -671 -879
3899 -667 -769
3900 -787 -823
3901 -677 -906
3902 -652 -750
3903 -858 -734
3904 -825 -805
3905 -706 -886
3906 -558 -827
3907 -779 -1007
3908 -961 -827
3909 -596 -517
3910 -689 -489
3911 -828 -558
3912 -625 -796
3913 -837 -775
3914 -1010 -862
3915 -976 -600
3916 -898 -1006
3917 -899 -770
3918 -950 -682
3919 -699 -775
3920 -950 -717
3921 -755 -560
3922 -633 -596
3923 -735 -412
3924 -721 -651
3925 -863 -667
3926 -897 -995
3927 -945 -968
3928 -1004 -824
3929 -913 -791
3930 -987 -867
3931 -893 -811
3932 -692 -921
3933 -557 -381
3934 -1010 -459
3935 -1023 -596
3936 -738 -835
3937 -430 -942
3938 -758 -843
3939 -1015 -1070
3940 -468 -714
3941 -685 -737
3942 -704 -916
3943 -807 -935
3944 -955 -721
3945 -904 -741
3946 -975 -945
3947 -917 -740
3948 -814 -868
3949 -869 -823
3950 -679 -556
3951 -893 -744
3952 -784 -1087
3953 -808 -1024
3954 -821 -933
3955 -759 -765
3956 -853 -1002
3957 -1048 -1028
3958 -677 -749
3959 -815 -754
3960 -850 -784
3961 -1031 -824
3962 -904 -815
3963 -800 -752
3964 -803 -707
3965 -938 -880
3966 -972 -907
3967 -1020 -818
3968 -937 -703
3969 -879 -684
3970 -772 -800
3971 -775 -1060
3972 -767 -1040
3973 -826 -1008
3974 -808 -795
3975 -853 -1021
3976 -804 -830
3977 -816 -780
3978 -622 -557
3979 -644 -564
3980 -761 -695
3981 -825 -961
3982 -529 -1020
3983 -364 -842
3984 -721 -908
3985 -906 -1012
3986 -799 -809
3987 -1140 -1004
3988 -640 -983
3989 -740 -1033
3990 -729 -882
3991 -516 -711
3992 -636 -843
3993 -389 -869
3994 -674 -796
3995 -928 -818
3996 -657 -490
3997 -507 -790
3998 -809 -1013
3999 -661 -785
4000 -828 -760
4001 -797 -755
4002 -914 -691
4003 -805 -623
4004 -811 -1003
4005 -832 -918
4006 -992 -757
4007 -759 -643
4008 -616 -594
4009 -630 -498
4010 -451 -570
4011 -621 -532
4012 -827 -668
4013 -824 -845
4014 -842 -1072
4015 -843 -899
4016 -566 -883
4017 -683 -784
4018 -1051 -750
4019 -713 -949
4020 -360 -997
4021 -750 -654
4022 -598 -560
4023 -904 -688
4024 -975 -763
4025 -774 -892
4026 -867 -902
4027 -842 -901
4028 -637 -894
4029 -683 -832
4030 -731 -627
4031 -610 -600
4032 -743 -588
4033 -958 -744
4034 -736 -816
4035 -689 -743
4036 -711 -857
4037 -733 -749
4038 -765 -893
4039 -501 -752
4040 -521 -970
4041 -897 -955
4042 -1039 -643
4043 -683 -766
4044 -1129 -709
4045 -937 -835
4046 -888 -997
4047 -848 -1025
4048 -655 -930
4049 -743 -771
4050 -784 -686
4051 -797 -817
4052 -1015 -886
4053 -741 -641
4054 -758 -715
4055 -796 -830
4056 -803 -987
4057 -616 -787
4058 -693 -956
4059 -1166 -812
4060 -733 -833
4061 -720 -934
4062 -952 -864
4063 -793 -654
4064 -765 -740
4065 -1110 -852
4066 -933 -861
4067 -710 -518
4068 -882 -799
4069 -962 -805
4070 -909 -935
4071 -847 -1076
4072 -746 -805
4073 -961 -794
4074 -974 -589
4075 -722 -762
4076 -516 -849
4077 -614 -731
4078 -878 -618
4079 -1036 -870
4080 -667 -1007
4081 -700 -1003
4082 -871 -660
4083 -773 -830
4084 -597 -757
4085 -955 -739
4086 -870 -883
4087 -980 -840
4088 -857 -789
4089 -947 -1021
4090 -976 -600
4091 -648 -470
4092 -809 -704
4093 -1093 -918
4094 -780 -765
4095 -553 -745
4096 -714 -676
4097 -1006 -767
4098 -767 -711
4099 -930 -1034
4100 -637 -605
4101 -703 -754
4102 -1090 -1017
4103 -699 -646
4104 -761 -716
4105 -879 -849
4106 -858 -1014
4107 -926 -861
4108 -461 -446
4109 -806 -677
4110 -852 -693
4111 -711 -642
4112 -838 -745
4113 -760 -939
4114 -1012 -847
4115 -872 -789
4116 -742 -520
4117 -788 -574
4118 -827 -675
4119 -949 -922
4120 -975 -888
4121 -833 -904
4122 -610 -679
4123 -825 -791
4124 -973 -799
4125 -692 -628
4126 -847 -785
4127 -517 -588
4128 -520 -711
4129 -977 -631
4130 -877 -616
4131 -750 -758
4132 -798 -856
4133 -430 -712
4134 -592 -536
4135 -663 -732
4136 -576 -848
4137 -668 -977
4138 -682 -672
4139 -645 -570
4140 -1018 -783
4141 -783 -700
4142 -818 -682
4143 -806 -808
4144 -1014 -763
4145 -883 -850
4146 -715 -1040
4147 -878 -915
4148 -672 -610
4149 -687 -362
4150 -817 -861
4151 -859 -765
4152 -693 -1020
4153 -917 -809
4154 -678 -788
4155 -444 -843
4156 -898 -690
4157 -794 -659
4158 -951 -698
4159 -438 -996
4160 -789 -896
4161 -682 -692
4162 -792 -955
4163 -678 -575
4164 -836 -628
4165 -744 -923
4166 -888 -813
4167 -995 -724
4168 -1070 -787
4169 -1112 -798
4170 -817 -717
4171 -987 -841
4172 -858 -714
4173 -688 -476
4174 -900 -937
4175 -789 -995
4176 -961 -1012
4177 -1048 -1078
4178 -875 -1021
4179 -644 -703
4180 -642 -676
4181 -714 -642
4182 -916 -806
4183 -616 -457
4184 -826 -629
4185 -860 -810
4186 -674 -760
4187 -789 -741
4188 -592 -648
4189 -601 -494
4190 -840 -830
4191 -791 -728
4192 -798 -856
4193 -966 -872
4194 -751 -877
4195 -752 -687
4196 -574 -640
4197 -611 -732
4198 -753 -571
4199 -744 -818
4200 -737 -885
4201 -825 -730
4202 -965 -929
4203 -1036 -910
4204 -903 -713
4205 -934 -646
4206 -653 -844
4207 -805 -818
4208 -981 -633
4209 -948 -583
4210 -649 -748
4211 -846 -585
4212 -864 -792
4213 -931 -984
4214 -516 -877
4215 -785 -961
4216 -677 -665
4217 -1006 -827
4218 -934 -830
4219 -849 -571
4220 -622 -910
4221 -484 -518
4222 -528 -715
4223 -680 -764
4224 -765 -811
4225 -939 -707
4226 -808 -530
4227 -786 -610
4228 -985 -718
4229 -960 -980
4230 -896 -782
4231 -749 -701
4232 -676 -615
4233 -927 -438
4234 -767 -807
4235 -784 -943
4236 -753 -728
4237 -727 -730
4238 -630 -531
4239 -665 -718
4240 -974 -803
4241 -904 -684
4242 -619 -678
4243 -791 -635
4244 -765 -725
4245 -898 -857
4246 -878 -757
4247 -827 -852
4248 -647 -876
4249 -837 -926
4250 -918 -802
4251 -774 -635
4252 -854 -520
4253 -822 -491
4254 -1067 -716
4255 -756 -624
4256 -770 -750
4257 -703 -780
4258 -771 -777
4259 -768 -691
4260 -764 -899
4261 -518 -910
4262 -807 -539
4263 -984 -1054
4264 -1007 -789
4265 -1102 -1013
4266 -787 -774
4267 -878 -795
4268 -1016 -788
4269 -1099 -790
4270 -828 -633
4271 -625 -788
4272 -901 -878
4273 -607 -729
4274 -899 -844
4275 -874 -931
4276 -955 -1066
4277 -668 -646
4278 -632 -576
4279 -689 -369
4280 -930 -605
4281 -621 -688
4282 -836 -712
4283 -603 -496
4284 -699 -628
4285 -613 -761
4286 -945 -656
4287 -669 -643
4288 -770 -733
4289 -793 -656
4290 -946 -720
4291 -764 -1123
4292 -788 -717
4293 -824 -707
4294 -704 -814
4295 -657 -932
4296 -512 -764
4297 -959 -782
4298 -880 -794
4299 -880 -1006
4300 -896 -871
4301 -652 -662
4302 -425 -745
4303 -585 -823
4304 -539 -871
4305 -694 -765
4306 -855 -810
4307 -825 -764
4308 -631 -654
4309 -809 -574
4310 -940 -875
4311 -737 -721
4312 -744 -873
4313 -892 -1072
4314 -824 -832
4315 -937 -714
4316 -762 -728
4317 -621 -472
4318 -910 -1014
4319 -779 -720
4320 -987 -744
4321 -872 -1007
4322 -1138 -1073
4323 -769 -737
4324 -641 -503
4325 -773 -504
4326 -840 -707
4327 -757 -1034
4328 -818 -1130
4329 -805 -892
4330 -918 -828
4331 -826 -890
4332 -604 -839
4333 -725 -760
4334 -872 -770
4335 -1084 -889
4336 -1085 -811
4337 -799 -458
4338 -558 -688
4339 -601 -733
4340 -816 -1017
4341 -778 -1090
4342 -973 -857
4343 -881 -841
4344 -885 -854
4345 -853 -830
4346 -895 -976
4347 -705 -522
4348 -749 -653
4349 -852 -737
4350 -887 -883
4351 -973 -833
4352 -944 -766
4353 -666 -668
4354 -688 -828
4355 -736 -796
4356 -855 -541
4357 -891 -797
4358 -936 -812
4359 -638 -642
4360 -689 -352
4361 -993 -814
4362 -781 -833
4363 -923 -982
4364 -793 -929
4365 -990 -1012
4366 -958 -840
4367 -1008 -551
4368 -490 -524
4369 -474 -422
4370 -455 -847
4371 -656 -859
4372 -611 -788
4373 -830 -911
4374 -706 -926
4375 -649 -800
4376 -406 -707
4377 -625 -621
4378 -952 -559
4379 -752 -757
4380 -877 -774
4381 -708 -634
4382 -587 -713
4383 -725 -779
4384 -774 -782
4385 -771 -867
4386 -946 -886
4387 -954 -726
4388 -732 -757
4389 -767 -768
4390 -629 -685
4391 -783 -754
4392 -884 -714
4393 -969 -696
4394 -1051 -921
4395 -769 -609
4396 -774 -686
4397 -988 -795
4398 -756 -770
4399 -739 -859
4400 -762 -860
4401 -801 -718
4402 -801 -746
4403 -531 -538
4404 -817 -754
4405 -823 -978
4406 -934 -528
4407 -616 -653
4408 -621 -612
4409 -635 -840
4410 -772 -713
4411 -1038 -919
4412 -891 -1345
4413 -599 -998
4414 -888 -975
4415 -567 -714
4416 -725 -720
4417 -586 -543
4418 -752 -674
4419 -1010 -658
4420 -1010 -587
4421 -785 -487
4422 -792 -689
4423 -825 -646
4424 -785 -578
4425 -813 -797
4426 -1040 -1027
4427 -1058 -1147
4428 -855 -754
4429 -701 -575
4430 -749 -1088
4431 -831 -875
4432 -798 -692
4433 -665 -495
4434 -859 -641
4435 -997 -812
4436 -833 -1094
4437 -837 -777
4438 -1119 -669
4439 -785 -669
4440 -885 -640
4441 -851 -664
4442 -783 -873
4443 -836 -695
4444 -903 -972
4445 -617 -618
4446 -650 -693
4447 -777 -749
4448 -845 -683
4449 -927 -707
4450 -849 -844
4451 -886 -735
4452 -754 -574
4453 -876 -538
4454 -886 -790
4455 -423 -813
4456 -735 -815
4457 -702 -751
4458 -653 -678
4459 -665 -726
4460 -752 -762
4461 -842 -961
4462 -834 -658
4463 -1078 -943
4464 -950 -766
4465 -647 -504
4466 -805 -817
4467 -805 -635
4468 -783 -554
4469 -953 -1103
4470 -638 -962
4471 -678 -647
4472 -580 -639
4473 -505 -438
4474 -612 -642
4475 -641 -954
4476 -666 -678
4477 -769 -798
4478 -520 -576
4479 -911 -703
4480 -1047 -829
4481 -806 -823
4482 -1077 -745
4483 -749 -568
4484 -589 -610
4485 -824 -609
4486 -806 -733
4487 -944 -482
4488 -810 -591
4489 -704 -702
4490 -825 -552
4491 -772 -689
4492 -1081 -825
4493 -879 -834
4494 -802 -869
4495 -900 -852
4496 -819 -648
4497 -879 -812
4498 -1038 -732
4499 -695 -540
4500 -769 -661
4501 -470 -642
4502 -520 -789
4503 -501 -905
4504 -503 -763
4505 -643 -1001
4506 -558 -823
4507 -477 -811
4508 -685 -923
4509 -655 -915
4510 -801 -941
4511 -968 -937
4512 -803 -911
4513 -715 -626
4514 -687 -937
4515 -791 -733
4516 -749 -685
4517 -690 -690
4518 -737 -658
4519 -815 -791
4520 -971 -915
4521 -883 -923
4522 -991 -871
4523 -611 -894
4524 -794 -895
4525 -693 -769
4526 -843 -762
4527 -749 -767
4528 -701 -801
4529 -517 -723
4530 -799 -775
4531 -757 -447
4532 -814 -781
4533 -756 -829
4534 -1028 -664
4535 -823 -721
4536 -826 -949
4537 -656 -730
4538 -833 -948
4539 -538 -545
4540 -657 -790
4541 -569 -862
4542 -626 -1036
4543 -897 -782
4544 -564 -824
4545 -566 -711
4546 -682 -814
4547 -817 -739
4548 -925 -533
4549 -735 -884
4550 -890 -717
4551 -721 -491
4552 -813 -859
4553 -672 -809
4554 -811 -524
4555 -869 -616
4556 -1041 -741
4557 -838 -524
4558 -739 -765
4559 -621 -796
4560 -558 -874
4561 -718 -866
4562 -652 -707
4563 -917 -716
4564 -989 -587
4565 -758 -732
4566 -639 -894
4567 -641 -964
4568 -849 -791
4569 -822 -794
4570 -656 -713
4571 -849 -686
4572 -748 -614
4573 -898 -869
4574 -698 -868
4575 -1036 -792
4576 -620 -799
4577 -549 -735
4578 -918 -715
4579 -934 -1001
4580 -791 -729
4581 -714 -694
4582 -737 -575
4583 -671 -562
4584 -957 -914
4585 -556 -533
4586 -652 -588
4587 -531 -587
4588 -505 -598
4589 -737 -817
4590 -910 -746
4591 -763 -821
4592 -750 -727
4593 -745 -885
4594 -726 -632
4595 -890 -691
4596 -945 -921
4597 -788 -954
4598 -808 -491
4599 -961 -746
4600 -547 -1095
4601 -598 -1310
4602 -731 -1026
4603 -777 -1004
4604 -956 -918
4605 -795 -898
4606 -782 -967
4607 -819 -859
4608 -529 -1029
4609 -995 -931
4610 -994 -658
4611 -743 -453
4612 -966 -726
4613 -822 -792
4614 -938 -943
4615 -712 -1055
4616 -711 -1022
4617 -640 -655
4618 -698 -904
4619 -975 -916
4620 -1079 -776
4621 -982 -945
4622 -835 -968
4623 -737 -771
4624 -923 -767
4625 -1063 -796
4626 -673 -815
4627 -577 -408
4628 -498 -672
4629 -595 -666
4630 -891 -608
4631 -877 -775
4632 -798 -771
4633 -796 -838
4634 -842 -744
4635 -801 -947
4636 -1007 -744
4637 -912 -1027
4638 -897 -829
4639 -733 -749
4640 -831 -902
4641 -891 -805
4642 -586 -665
4643 -683 -850
4644 -928 -624
4645 -841 -847
4646 -760 -796
4647 -718 -1044
4648 -650 -885
4649 -948 -688
4650 -766 -987
4651 -769 -725
4652 -754 -759
4653 -731 -591
4654 -788 -594
4655 -894 -704
4656 -1009 -1010
4657 -899 -598
4658 -776 -910
4659 -637 -865
4660 -768 -681
4661 -760 -775
4662 -550 -531
4663 -871 -874
4664 -884 -1033
4665 -1001 -974
4666 -691 -713
4667 -680 -660
4668 -686 -358
4669 -865 -778
4670 -1019 -703
4671 -919 -725
4672 -1099 -731
4673 -1039 -877
4674 -898 -688
4675 -829 -845
4676 -840 -756
4677 -786 -811
4678 -916 -556
4679 -921 -556
4680 -678 -734
4681 -912 -688
4682 -920 -690
4683 -688 -744
4684 -897 -622
4685 -861 -704
4686 -890 -462
4687 -996 -816
4688 -607 -957
4689 -693 -1024
4690 -724 -1104
4691 -803 -625
4692 -867 -752
4693 -799 -890
4694 -757 -767
4695 -838 -721
4696 -646 -772
4697 -828 -894
4698 -815 -836
4699 -817 -893
4700 -710 -728
4701 -849 -764
4702 -676 -821
4703 -847 -549
4704 -620 -870
4705 -895 -976
4706 -680 -838
4707 -811 -812
4708 -629 -962
4709 -513 -793
4710 -678 -703
4711 -805 -746
4712 -909 -1104
4713 -776 -999
4714 -763 -835
4715 -563 -551
4716 -736 -804
4717 -914 -972
4718 -958 -879
4719 -496 -683
4720 -743 -815
4721 -782 -772
4722 -717 -673
4723 -836 -739
4724 -824 -650
4725 -874 -777
4726 -585 -749
4727 -573 -796
4728 -436 -776
4729 -797 -838
4730 -830 -898
4731 -930 -871
4732 -640 -737
4733 -844 -783
4734 -746 -1069
4735 -800 -1102
4736 -981 -963
4737 -728 -721
4738 -741 -796
4739 -762 -708
4740 -882 -747
4741 -735 -879
4742 -728 -529
4743 -736 -922
4744 -639 -810
4745 -933 -675
4746 -752 -999
4747 -898 -883
4748 -956 -790
4749 -823 -707
4750 -791 -1033
4751 -808 -674
4752 -850 -690
4753 -785 -875
4754 -889 -930
4755 -789 -978
4756 -797 -762
4757 -1029 -962
4758 -700 -723
4759 -844 -597
4760 -758 -514
4761 -1054 -682
4762 -835 -767
4763 -1036 -829
4764 -761 -752
4765 -686 -880
4766 -823 -773
4767 -767 -1136
4768 -727 -619
4769 -793 -744
4770 -841 -1006
4771 -1007 -922
4772 -834 -765
4773 -937 -854
4774 -609 -967
4775 -692 -833
4776 -812 -691
4777 -872 -594
4778 -626 -827
4779 -516 -798
4780 -551 -724
4781 -730 -690
4782 -727 -619
4783 -967 -852
4784 -878 -849
4785 -1023 -773
4786 -621 -884
4787 -751 -1064
4788 -880 -927
4789 -889 -740
4790 -531 -644
4791 -794 -698
4792 -770 -828
4793 -803 -879
4794 -834 -696
4795 -852 -841
4796 -900 -879
4797 -710 -803
4798 -790 -612
4799 -802 -607
4800 -778 -914
4801 -601 -602
