-671
-525
-360
-748
-536
-477
-677
-536
-616
-816
-796
-692
-892
-601
-699
-664
-556
-594
-139
-518
-433
-624
-382
-720
-435
-683
-347
-525
-629
-501
-714
-489
-743
-400
-516
-433
-606
-665
-389
-542
-413
-498
-619
-638
-604
-681
-437
-636
-597
-668
-625
-503
-501
-703
-351
-726
-606
-717
-689
-792
-619
-637
-434
-439
-546
-445
-620
-396
-573
-359
-456
-527
-749
-527
-353
-306
-539
-512
-593
-483
-528
-640
-453
-546
-756
-377
-468
-657
-462
-544
-365
-685
-330
-811
-462
-578
-511
-583
-541
-652
-529
-459
-564
-347
-709
-512
-806
-508
-482
-617
-495
-547
-684
-468
-484
-576
-655
-635
-443
-715
-546
-606
-606
-573
-397
-724
-490
-657
-520
-424
-547
-674
-685
-432
-711
-550
-602
-401
-669
-604
-493
-495
-447
-388
-673
-457
-808
-331
-409
-659
-604
-590
-222
-589
-742
-404
-702
-619
-541
-665
-569
-544
-486
-576
-585
-462
-351
-387
-703
-529
-584
-584
-435
-507
-516
-482
-506
-648
-494
-531
-620
-669
-584
-777
-347
-609
-610
-246
-561
-594
-622
-598
-405
-484
-468
-629
-406
-461
-376
-647
-582
-591
-733
-440
-727
-493
-527
-646
-556
-406
-632
-607
-517
-581
-549
-655
-598
-561
-467
-558
-463
-610
-570
-584
-850
-450
-764
-446
-483
-701
-589
-725
-584
-585
-531
-531
-605
-482
-733
-381
-562
-390
-490
-672
-634
-554
-386
-493
-325
-217
-432
-564
-703
-685
-687
-402
-600
-628
-665
-404
-392
-569
-530
-388
-509
-402
-619
-550
-588
-757
-554
-789
-433
-667
-403
-458
-651
-410
-723
-491
-838
-528
-467
-313
-328
-332
-410
-641
-498
-494
-600
-491
-467
-694
-506
-339
-227
-558
-407
-564
-565
-535
-414
-503
-904
-495
-485
-329
-631
-421
-705
-701
-428
-515
-538
-580
-604
-358
-614
-495
-871
-597
-712
-786
-548
-676
-488
-533
-560
-424
-414
-455
-533
-579
-736
-618
-456
-464
-675
-530
-603
-617
-552
-500
-408
-423
-552
-181
-343
-486
-603
-621
-554
-479
-533
-335
-469
-414
-661
-691
-333
-594
-508
-663
-591
-389
-697
-576
-682
-562
-732
-726
-586
-606
-510
-638
-361
-465
-554
-613
-329
-579
-485
-647
-451
-562
-525
-444
-587
-589
-679
-336
-522
-582
-207
-487
-351
-636
-501
-544
-473
-516
-630
-575
-571
-433
-641
-709
-662
-573
-621
-558
-491
-499
-422
-583
-545
-690
-751
-656
-660
-522
-643
-335
-602
-526
-529
-487
-453
-597
-476
-429
-761
-510
-582
-440
-552
-578
-789
-611
-354
-503
-457
-616
-744
-555
-712
-399
-507
-640
-493
-337
-433
-278
-526
-549
-446
-515
-319
-565
-638
-648
-551
-371
-623
-443
-460
-481
-388
-835
-483
-559
-529
-567
-553
-541
-698
-594
-607
-701
-536
-672
-275
-656
-547
-530
-581
-662
-495
-589
-488
-559
-564
-496
-410
-390
-460
-500
-570
-634
-654
-510
-593
-455
-513
-597
-654
-457
-574
-467
-690
-415
-703
-442
-637
-720
-468
-675
-731
-385
-494
-521
-675
-387
-731
-374
-681
-652
-410
-503
-628
-458
-551
-403
-375
-589
-600
-591
-499
-158
-550
-508
-688
-741
-578
-439
-463
-501
-419
-468
-394
-508
-758
-595
-519
-480
-366
-671
-491
-702
-633
-434
-738
-357
-663
-622
-457
-625
-645
-518
-628
-584
-410
-310
-604
-642
-567
-658
-548
-480
-368
-704
-475
-353
-476
-333
-603
-510
-600
-800
-568
-530
-458
-468
-437
-360
-585
-298
-576
-401
-377
-600
-834
-538
-751
-555
-504
-477
-380
-547
-733
-497
-555
-479
-595
-382
-438
-677
-363
-456
-686
-526
-506
-679
-420
-400
-314
-573
-253
-692
-480
-394
-524
-489
-544
-603
-420
-446
-365
-791
-576
-450
-656
-331
-554
-584
-414
-279
-483
-684
-624
-478
-603
-518
-579
-706
-490
-549
-676
-654
-467
-633
-752
-624
-541
-734
-542
-645
-659
-614
-335
-437
-505
-582
-557
-673
-414
-586
-427
-629
-357
-321
-670
-432
-486
-416
-469
-874
-437
-519
-416
-590
-563
-421
-346
-316
-402
-753
-631
-661
-509
-401
-539
-550
-678
-530
-385
-568
-355
-631
-605
-267
-586
-504
-426
-796
-567
-438
-674
-383
-589
-170
-490
-333
-256
-479
-487
-594
-452
-674
-407
-715
-354
-331
-252
-336
-579
-444
-636
-463
-502
-368
-545
-440
-371
-533
-174
-643
-545
-655
-473
-583
-409
-499
-514
-569
-578
-706
-396
-852
-519
-672
-546
-494
-670
-598
-521
-496
-346
-463
-662
-640
-574
-670
-404
-618
-622
-425
-590
-605
-811
-514
-553
-522
-546
-429
-485
-337
-435
-523
-564
-607
-504
-529
-545
-731
-576
-617
-498
-379
-495
-577
-552
-684
-464
-645
-649
-551
-656
-363
-374
-585
-446
-511
-266
-407
-490
-647
-348
-410
-520
-297
-335
-627
-627
-612
-608
-413
-582
-523
-618
-426
-301
-426
-439
-467
-291
-632
-345
-454
-567
-545
-520
-529
-662
-273
-355
-424
-647
-656
-601
-512
-389
-485
-573
-641
-494
-442
-627
-597
-633
-450
-687
-521
-613
-590
-420
-645
-556
-654
-372
-682
-599
-700
-419
-593
-400
-472
-524
-302
-521
-489
-598
-645
-407
-839
-350
-595
-486
-607
-314
-530
-636
-627
-620
-589
-437
-435
-455
-597
-528
-570
-633
-763
-561
-599
-489
-556
-263
-712
-384
-663
-373
-725
-555
-628
-440
-450
-593
-495
-507
-596
-612
-619
-522
-486
-562
-357
-548
-511
-601
-745
-401
-500
-451
-360
-680
-566
-684
-541
-407
-791
-757
-470
-504
-624
-305
-548
-562
-412
-597
-554
-373
-808
-405
-523
-475
-623
-398
-711
-367
-633
-401
-592
-471
-549
-407
-538
-695
-432
-602
-706
-573
-511
-651
-364
-452
-436
-591
-658
-428
-380
-588
-560
-626
-550
-465
-487
-408
-530
-484
-586
-581
-535
-569
-359
-553
-762
-619
-365
-674
-535
-597
-643
-468
-648
-304
-730
-706
-683
-630
-690
-749
-463
-518
-500
-688
-355
-538
-749
-692
-599
-474
-330
-560
-631
-685
-659
-607
-779
-608
-394
-347
-669
-533
-538
-661
-489
-478
-327
-594
-489
-601
-646
-714
-413
-558
-495
-616
-677
-176
-577
-498
-471
-347
-329
-721
-453
-515
-373
-465
-548
-616
-629
-477
-786
-736
-543
-383
-713
-603
-542
-709
-563
-529
-562
-453
-610
-729
-488
-586
-328
-575
-603
-513
-781
-598
-528
-656
-475
-821
-549
-630
-704
-446
-534
-777
-532
-479
-550
-532
-699
-554
-449
-428
-622
-497
-695
-430
-554
-407
-519
-369
-492
-560
-576
-472
-528
-460
-500
-307
-698
-769
-617
-706
-648
-676
-573
-887
-505
-540
-530
-546
-535
-680
-627
-573
-632
-327
-596
-623
-562
-659
-437
-397
-552
-517
-568
-578
-541
-437
-500
-339
-479
-543
-384
-566
-283
-366
-894
-330
-770
-619
-754
-588
-420
-455
-597
-322
-599
-577
-668
-381
-638
-436
-601
-808
-553
-526
-602
-252
-628
-455
-496
-508
-562
-666
-535
-784
-640
-548
-435
-556
-375
-514
-436
-410
-555
-538
-666
-549
-418
-362
-582
-288
-530
-461
-510
-468
-517
-320
-568
-834
-704
-633
-530
-655
-514
-459
-547
-629
-717
-429
-686
-570
-452
-735
-682
-616
-777
-495
-499
-764
-473
-351
-542
-565
-445
-688
-354
-555
-408
-387
-302
-411
-498
-568
-831
-538
-403
-484
-756
-563
-683
-807
-444
-811
-733
-594
-352
-843
-438
-303
-401
-486
-270
-461
-450
-533
-571
-691
-532
-319
-314
-800
-497
-473
-639
-466
-507
-421
-340
-419
-506
-702
-533
-585
-365
-479
-634
-362
-660
-333
-402
-612
-546
-575
-723
-576
-487
-505
-414
-415
-455
-536
-383
-483
-472
-395
-411
-481
-558
-620
-689
-391
-466
-429
-621
-248
-483
-478
-442
-506
-628
-581
-815
-657
-442
-621
-484
-514
-606
-714
-690
-670
-800
-487
-477
-478
-427
-748
-480
-449
-398
-557
-566
-472
-542
-426
-561
-791
-731
-701
-608
-676
-643
-679
-160
-672
-543
-439
-354
-367
-441
-538
-598
-530
-500
-789
-742
-517
-526
-779
-418
-401
-531
-599
-630
-436
-522
-609
-576
-750
-777
-497
-315
-638
-521
-656
-691
-297
-407
-438
-395
-404
-406
-336
-553
-659
-418
-655
-453
-596
-621
-362
-510
-402
-758
-537
-326
-516
-513
-520
-443
-604
-545
-356
-639
-307
-500
-842
-757
-452
-795
-441
-588
-516
-698
-481
-822
-658
-835
-827
-747
-759
-445
-641
-545
-732
-635
-652
-590
-752
-463
-394
-445
-702
-626
-561
-545
-521
-580
-528
-324
-650
-548
-546
-563
-439
-454
-568
-587
-849
-402
-582
-673
-589
-726
-637
-577
-600
-448
-641
-274
-357
-594
-315
-576
-664
-591
-596
-579
-472
-403
-495
-653
-477
-585
-407
-311
-632
-328
-425
-577
-256
-532
-669
-532
-526
-418
-360
-558
-565
-400
-587
-578
-680
-363
-370
-692
-505
-635
-432
-364
-441
-400
-626
-406
-809
-694
-231
-645
-446
-784
-749
-563
-749
-621
-723
-476
-597
-415
-739
-633
-598
-579
-772
-325
-466
-593
-676
-542
-792
-696
-692
-788
-437
-632
-611
-691
-437
-451
-455
-588
-612
-636
-443
-408
-519
-402
-579
-516
-519
-529
-877
-633
-660
-590
-747
-384
-691
-403
-707
-583
-575
-505
-563
-658
-558
-719
-621
-475
-771
-362
-689
-469
-434
-448
-593
-679
-505
-693
-517
-561
-527
-542
-397
-435
-424
-535
-513
-618
-647
-323
-511
-329
-530
-693
-321
-461
-403
-448
-623
-348
-631
-696
-606
-556
-386
-710
-368
-679
-632
-567
-599
-680
-624
-509
-439
-426
-656
-647
-450
-553
-527
-548
-382
-411
-591
-610
-671
-605
-603
-529
-516
-396
-801
-796
-610
-609
-442
-477
-626
-319
-548
-413
-499
-333
-518
-326
-690
-590
-527
-494
-652
-291
-570
-614
-532
-470
-629
-610
-645
-483
-792
-461
-696
-459
-793
-351
-571
-406
-438
-379
-601
-529
-772
-533
-646
-548
-481
-561
-599
-478
-584
-742
-705
-622
-507
-660
-386
-470
-400
-506
-618
-406
-551
-588
-425
-635
-553
-682
-789
-660
-732
-514
-431
-671
-845
-586
-436
-838
-628
-495
-556
-598
-395
-398
-306
-502
-679
-499
-646
-532
-489
-524
-363
-601
-533
-766
-425
-628
-598
-435
-373
-494
-550
-636
-453
-536
-390
-370
-415
-484
-384
-422
-691
-539
-635
-583
-634
-361
-497
-506
-728
-499
-655
-555
-777
-243
-608
-425
-780
-455
-739
-500
-418
-452
-500
-396
-541
-260
-572
-556
-343
-469
-497
-590
-374
-823
-402
-642
-560
-713
-583
-550
-577
-644
-377
-426
-870
-684
-591
-493
-412
-754
-625
-712
-661
-403
-467
-456
-562
-319
-712
-680
-492
-660
-317
-618
-406
-418
-624
-665
-629
-527
-639
-749
-664
-596
-517
-666
-415
-758
-455
-635
-710
-557
-528
-526
-428
-568
-266
-520
-522
-614
-636
-322
-499
-423
-608
-525
-569
-667
-748
-511
-827
-578
-331
-836
-384
-644
-520
-469
-478
-413
-357
-421
-275
-590
-491
-620
-609
-511
-411
-366
-617
-526
-480
-647
-585
-473
-665
-405
-411
-803
-538
-567
-561
-426
-490
-586
-372
-497
-524
-584
-538
-460
-882
-499
-477
-294
-454
-367
-587
-485
-629
-468
-610
-784
-381
-659
-522
-579
-429
-389
-423
-809
-525
-355
-550
-596
-564
-685
-480
-670
-553
-695
-366
-561
-376
-722
-661
-611
-545
-323
-563
-423
-690
-585
-528
-744
-509
-719
-604
-502
-557
-686
-618
-790
-559
-684
-506
-355
-631
-503
-404
-463
-455
-516
-456
-460
-504
-645
-543
-566
-736
-421
-669
-550
-604
-297
-619
-501
-605
-661
-402
-599
-698
-581
-701
-769
-530
-623
-582
-352
-347
-570
-516
-454
-566
-679
-515
-485
-464
-421
-630
-471
-560
-522
-432
-788
-480
-460
-530
-578
-527
-606
-372
-862
-595
-563
-526
-340
-473
-597
-626
-561
-556
-652
-545
-611
-537
-490
-449
-509
-207
-498
-546
-558
-574
-683
-598
-416
-523
-439
-466
-567
-558
-477
-555
-407
-501
-209
-329
-681
-113
-697
-505
-348
-323
-609
-545
-539
-499
-687
-669
-487
-651
-474
-634
-410
-743
-615
-609
-261
-663
-363
-594
-329
-760
-490
-822
-504
-804
-666
-618
-774
-437
-675
-356
-642
-486
-607
-262
-808
-427
-698
-454
-757
-758
-558
-431
-736
-368
-605
-341
-655
-501
-651
-450
-439
-677
-390
-604
-556
-545
-550
-535
-524
-431
-618
-421
-630
-483
-483
-687
-531
-571
-438
-491
-574
-431
-495
-376
-517
-430
-727
-623
-495
-837
-484
-685
-509
-533
-419
-408
-407
-681
-412
-607
-499
-318
-478
-334
-386
-457
-562
-436
-663
-205
-548
-499
-722
-664
-441
-406
-438
-485
-609
-471
-665
-635
-526
-550
-580
-379
-466
-321
-599
-330
-647
-476
-688
-517
-506
-462
-632
-241
-588
-447
-491
-589
-726
-617
-674
-622
-727
-383
-668
-568
-557
-534
-513
-496
-509
-315
-675
-533
-616
-572
-559
-719
-654
-540
-547
-361
-478
-419
-685
-304
-438
-676
-410
-528
-409
-533
-566
-508
-570
-391
-669
-406
-638
-509
-661
-653
-558
-723
-416
-650
-288
-576
-452
-482
-286
-521
-750
-600
-611
-609
-457
-599
-799
-564
-584
-582
-470
-552
-531
-513
-565
-455
-566
-651
-410
-624
-611
-489
-452
-526
-548
-661
-463
-311
-408
-498
-363
-576
-577
-346
-629
-363
-542
-448
-602
-564
-684
-597
-455
-389
-479
-646
-492
-491
-484
-586
-587
-600
-842
-631
-687
-465
-602
-731
-509
-704
-646
-584
-510
-709
-517
-616
-722
-298
-755
-513
-487
-463
-694
-526
-292
-462
-478
-381
-536
-524
-435
-504
-496
-576
-384
-697
-625
-571
-722
-606
-706
-585
-495
-522
-481
-561
-364
-529
-522
-547
-836
-548
-559
-563
-756
-518
-768
-798
-490
-478
-492
-613
-626
-671
-278
-501
-430
-379
-407
-495
-625
-408
-527
-411
-627
-300
-541
-517
-580
-327
-495
-469
-430
-393
-433
-551
-336
-819
-458
-467
-283
-509
-428
-637
-501
-505
-607
-648
-596
-763
-590
-474
-590
-623
-723
-732
-798
-538
-511
-576
-569
-665
-647
-425
-561
-634
-687
-361
-454
-424
-641
-489
-533
-438
-687
-305
-567
-262
-523
-547
-569
-487
-495
-544
-713
-633
-428
-446
-302
-619
-499
-592
-325
-522
-131
-441
-484
-359
-607
-442
-452
-778
-390
-657
-327
-438
-752
-520
-538
-760
-503
-365
-488
-698
-368
-405
-348
-591
-547
-688
-394
-584
-562
-615
-299
-548
-646
-618
-234
-651
-540
-481
-481
-424
-425
-346
-508
-299
-599
-635
-701
-659
-548
-476
-526
-592
-561
-466
-440
-517
-294
-647
-390
-454
-615
-355
-922
-410
-588
-658
-514
-663
-478
-681
-706
-551
-627
-458
-763
-456
-526
-551
-572
-455
-834
-488
-703
-663
-668
-433
-448
-541
-532
-553
-255
-480
-278
-802
-527
-669
-409
-600
-362
-599
-472
-556
-450
-552
-496
-651
-513
-384
-428
-454
-564
-721
-523
-622
-375
-293
-697
-390
-497
-435
-681
-689
-555
-545
-550
-534
-626
-532
-781
-441
-616
-786
-517
-668
-510
-810
-380
-586
-614
-502
-380
-433
-510
-514
-521
-555
-694
-815
-402
-367
-322
-508
-506
-599
-690
-628
-622
-312
-635
-440
-522
-458
-503
-401
-435
-552
-517
-516
-718
-695
-555
-561
-640
-379
-590
-662
-789
-641
-680
-695
-622
-819
-461
-881
-416
-572
-641
-572
-612
-620
-586
-525
-436
-423
-380
-458
-463
-627
-236
-467
-443
-345
-701
-518
-387
-607
-600
-728
-436
-683
-572
-605
-438
-551
-510
-538
-591
-360
-492
-584
-466
-331
-494
-486
-704
-596
-670
-573
-777
-582
-758
-525
-670
-558
-448
-611
-543
-735
-476
-414
-679
-297
-445
-252
-414
-729
-474
-444
-581
-226
-534
-553
-401
-453
-567
-671
-355
-484
-537
-485
-457
-569
-486
-671
-454
-453
-411
-398
-655
-351
-333
-666
-381
-627
-524
-483
-667
-349
-555
-526
-467
-638
-417
-429
-519
-530
-681
-715
-773
-492
-649
-461
-524
-618
-703
-572
-473
-564
-626
-497
-732
-284
-602
-272
-657
-421
-592
-618
-487
-764
-443
-734
-543
-470
-390
-534
-429
-489
-424
-607
-623
-453
-601
-687
-518
-494
-535
-746
-405
-679
-462
-477
-608
-804
-746
-689
-504
-445
-612
-533
-367
-395
-548
-576
-468
-654
-347
-301
-298
-353
-622
-467
-414
-661
-461
-556
-521
-732
-470
-375
-518
-447
-396
-414
-298
-602
-515
-703
-400
-790
-618
-550
-552
-226
-353
-584
-328
-525
-532
-562
-636
-684
-529
-469
-577
-658
-413
-585
-411
-669
-419
-432
-395
-587
-516
-606
-548
-636
-372
-453
-303
-390
-544
-504
-463
-684
-582
-403
-705
-525
-523
-639
-457
-397
-384
-479
-732
-717
-626
-550
-632
-727
-545
-568
-689
-513
-617
-365
-486
-222
-587
-616
-431
-578
-647
-659
-521
-312
-559
-525
-775
-365
-691
-295
-453
-487
-584
-432
-592
-458
-650
-538
-524
-603
-292
-573
-521
-524
-537
-576
-452
-646
-600
-682
-708
-755
-531
-783
-606
-619
-538
-544
-332
-304
-611
-366
-585
-718
-644
-585
-423
-592
-742
-436
-472
-411
-596
-633
-594
-490
-463
-470
-561
-573
-593
-555
-439
-335
-490
-333
-644
-579
-489
-701
-524
-360
-534
-532
-504
-607
-441
-472
-645
-659
-843
-352
-493
-427
-573
-637
-712
-572
-652
-437
-442
-676
-419
-453
-506
-468
-439
-577
-639
-533
-730
-375
-601
-625
-678
-481
-377
-598
-485
-608
-458
-533
-591
-648
-563
-701
-540
-758
-283
-585
-631
-483
-566
-543
-448
-410
-717
-453
-640
-736
-477
-756
-566
-366
-322
-701
-279
-243
-500
-639
-551
-640
-553
-351
-416
-608
-308
-481
-575
-423
-730
-532
-557
-621
-477
-708
-443
-257
-455
-313
-548
-389
-361
-376
-531
-462
-457
-649
-317
-576
-592
-588
-461
-436
-618
-498
-642
-597
-419
-339
-512
-430
-431
-662
-438
-758
-471
-520
-276
-690
-520
-649
-530
-537
-578
-646
-641
-481
-354
-487
-547
-628
-422
-394
-354
-633
-600
-616
-633
-436
-497
-479
-648
-433
-598
-514
-483
-368
-371
-752
-449
-467
-560
-248
-657
-407
-566
-618
-428
-508
-467
-553
-409
-363
-617
-327
-658
-624
-633
-516
-479
-315
-715
-533
-493
-543
-720
-634
-652
-466
-619
-498
-626
-753
-414
-635
-479
-421
-380
-510
-583
-561
-595
-319
-607
-416
-566
-536
-598
-574
-673
-555
-409
-499
-723
-754
-312
-578
-419
-623
-413
-657
-584
-617
-354
-547
-402
-394
-596
-637
-608
-569
-524
-395
-592
-790
-564
-754
-683
-653
-380
-697
-428
-481
-665
-349
-759
-402
-631
-461
-653
-445
-828
-493
-537
-381
-648
-639
-731
-439
-547
-498
-440
-374
-297
-732
-512
-275
-726
-420
-636
-557
-560
-595
-660
-238
-435
-192
-368
-432
-368
-522
-381
-547
-443
-432
-496
-379
-538
-568
-595
-466
-371
-579
-631
-568
-593
-591
-455
-667
-311
-360
-45
-537
-449
-693
-448
-434
-471
-432
-682
-509
-712
-522
-456
-339
-406
-301
-309
-377
-426
-610
-464
-265
-591
-742
-679
-456
-543
-482
-661
-783
-514
-576
-559
-438
-497
-714
-315
-468
-556
-334
-356
-376
-657
-404
-450
-438
-585
-611
-368
-623
-546
-401
-760
-531
-601
-847
-477
-540
-537
-202
-327
-503
-452
-517
-472
-428
-468
-521
-647
-427
-627
-501
-578
-453
-485
-741
-664
-348
-620
-454
-474
-554
-621
-374
-493
-510
-639
-695
-607
-628
-394
-706
-785
-474
-629
-494
-429
-390
-549
-378
-715
-253
-518
-437
-349
-614
-492
-535
-382
-516
-210
-335
-425
-286
-572
-529
-540
-303
-562
-470
-582
-730
-702
-279
-544
-662
-474
-554
-841
-214
-335
-440
-375
-431
-304
-313
-502
-570
-561
-427
-627
-311
-589
-581
-521
-488
-447
-547
-473
-602
-487
-474
-545
-762
-602
-553
-508
-430
-564
-441
-554
-506
-720
-560
-514
-670
-401
-816
-363
-592
-626
-652
-364
-520
-517
-655
-614
-584
-747
-512
-556
-533
-451
-792
-542
-740
-663
-167
-657
-672
-544
-691
-660
-397
-557
-285
-420
-562
-535
-404
-653
-568
-639
-827
-619
-500
-532
-645
-537
-401
-703
-456
-658
-640
-532
-416
-446
-765
-462
-737
-624
-359
-600
-665
-529
-550
-401
-438
-535
-530
-425
-351
-350
-507
-439
-521
-529
-473
-343
-686
-616
-731
-426
-579
-536
-508
-445
-441
-510
-611
-698
-374
-578
-330
-713
-635
-707
-325
-656
-673
-452
-458
-573
-650
-527
-606
-489
-433
-451
-442
-598
-273
-606
-516
-548
-581
-618
-500
-586
-530
-629
-684
-552
-402
-583
-504
-672
-661
-385
-586
-625
-426
-489
-516
-452
-424
-432
-651
-415
-602
-477
-658
-815
-600
-347
-692
-519
-324
-466
-450
-509
-458
-427
-609
-514
-676
-572
-544
-475
-658
-326
-520
-464
-366
-436
-562
-571
-478
-468
-535
-693
-517
-601
-600
-465
-511
-493
-435
-336
-327
-382
-637
-688
-730
-666
-444
-458
-536
-477
-346
-595
-547
-508
-485
-373
-371
-504
-581
-351
-334
-388
-560
-517
-217
-548
-413
-601
-520
-514
-475
-535
-688
-622
-550
-596
-428
-457
-667
-697
-473
-596
-673
-253
-828
-470
-640
-506
-377
-488
-530
-420
-586
-491
-742
-172
-802
-464
-537
-443
-371
-615
-593
-329
-547
-592
-362
-749
-469
-706
-552
-739
-683
-409
-771
-353
-657
-564
-487
-650
-596
-655
-666
-385
-562
-545
-272
-713
-670
-838
-644
-607
-412
-195
-684
-414
-514
-462
-661
-446
-459
-573
-736
-409
-562
-637
-549
-458
-543
-643
-415
-785
-273
-533
-540
-463
-537
-412
-620
-565
-625
-822
-324
-589
-514
-552
-575
-472
-634
-428
-788
-474
-637
-390
-509
-688
-745
-639
-490
-429
-573
-576
-790
-663
-566
-920
-488
-657
-241
-541
-481
-389
-345
-654
-571
-320
-416
-749
-525
-680
-514
-612
-477
-600
-627
-625
-701
-453
-612
-433
-805
-555
-476
-681
-301
-693
-543
-476
-479
-837
-443
-776
-552
-630
-569
-474
-543
-510
-403
-545
-263
-498
-451
-512
-693
-418
-415
-339
-610
-400
-509
-575
-413
-476
-631
-418
-615
-559
-416
-538
-564
-720
-471
-595
-347
-571
-556
-748
-505
-501
-652
-555
-605
-305
-431
-493
-481
-456
-564
-736
-490
-464
-778
-622
-580
-410
-280
-505
-459
-671
-463
-810
-487
-549
-524
-595
-545
-523
-555
-408
-640
-658
-435
-647
-357
-404
-423
-549
-528
-470
-580
-828
-324
-917
-510
-552
-678
-410
-642
-441
-528
-457
-664
-706
-535
-810
-416
-738
-460
-604
-570
-534
-573
-586
-570
-794
-650
-674
-433
-586
-498
-532
-583
-318
-456
-368
-420
-446
-463
-628
-679
-398
-596
-856
-581
-437
-588
-522
-279
-646
-298
-383
-248
-406
-535
-774
-553
-565
-580
-508
-605
-386
-441
-380
-489
-514
-825
-520
-739
-708
-668
-665
-345
-482
-342
-569
-509
-800
-648
-550
-481
-528
-240
-652
-521
-701
-581
-528
-854
-517
-599
-618
-533
-570
-391
-586
-654
-470
-710
-576
-430
-600
-687
-373
-637
-458
-326
-510
-495
-760
-695
-467
-531
-335
-671
-539
-484
-503
-633
-724
-593
-429
-486
-548
-653
-492
-591
-396
-335
-532
-616
-504
-681
-460
-634
-466
-624
-402
-592
-529
-596
-636
-724
-498
-276
-890
-304
-597
-483
-602
-468
-556
-427
-540
-561
-403
-563
-646
-413
-704
-669
-560
-661
-474
-777
-720
-511
-852
-731
-548
-448
-574
-472
-652
-506
-600
-474
-623
-499
-388
-610
-353
-548
-563
-489
-507
-673
-728
-457
-622
-532
-447
-440
-528
-563
-382
-799
-404
-421
-715
-542
-686
-385
-485
-549
-423
-598
-742
-745
-837
-602
-287
-630
-539
-545
-398
-706
-398
-700
-434
-643
-487
-636
-574
-422
-776
-422
-699
-263
-552
-393
-514
-453
-450
-556
-371
-306
-747
-740
-624
-472
-304
-666
-481
-570
-671
-612
-631
-668
-649
-533
-619
-376
-341
-540
-580
-617
-597
-521
-513
-564
-399
-513
-564
-508
-502
-468
-308
-535
-527
-645
-620
-690
-655
-349
-381
-602
-422
-572
-448
-601
-503
-639
-574
-523
-435
-425
-566
-479
-659
-515
-536
-360
-366
-524
-561
-393
-608
-415
-480
-561
-532
-792
-775
-417
-825
-444
-552
-590
-361
-595
-546
-443
-351
-621
-390
-655
-374
-819
-570
-612
-638
-389
-581
-514
-297
-546
-458
-511
-446
-600
-259
-716
-582
-704
-581
-397
-315
-506
-238
-723
-690
-280
-564
-617
-555
-540
-613
-458
-517
-535
-587
-454
-598
-532
-574
-550
-720
-568
-553
-489
-675
-418
-364
-633
-457
-360
-424
-616
-604
-862
-630
-714
-349
-558
-511
-564
-458
-562
-546
-405
-469
-473
-473
-487
-518
-586
-587
-582
-438
-375
-593
-322
-432
-440
-353
-450
-412
-620
-430
-652
-693
-434
-640
-640
-639
-444
-466
-574
-390
-910
-543
-554
-500
-620
-508
-444
-578
-491
-629
-355
-429
-544
-495
-422
-429
-460
-484
-549
-618
-484
-675
-358
-350
-342
-483
-405
-450
-730
-540
-447
-479
-600
-617
-632
-478
-646
-613
-477
-650
-609
-396
-430
-601
-385
-568
-411
-737
-676
-634
-686
-284
-389
-696
-322
-512
-542
-611
-596
-449
-661
-524
-440
-564
-577
-333
-744
-487
-510
-669
-732
-448
-863
-452
-670
-642
-496
-749
-525
-614
-566
-483
-603
-573
-378
-632
-557
-536
-580
-657
-382
-722
-597
-609
-317
-466
-521
-491
-557
-634
-665
-489
-667
-636
-589
-734
-412
-750
-522
-451
-632
-567
-542
-525
-540
-631
-522
-452
-585
-435
-471
-663
-600
-604
-451
-508
-664
-614
-352
-653
-276
-600
-674
-385
-623
-640
-557
-458
-632
-238
-577
-443
-459
-745
-503
-536
-755
-357
-489
-502
-579
-506
-654
-646
-694
-656
-415
-348
-467
-577
-434
-320
-454
-551
-358
-445
-290
-778
-305
-557
-444
-735
-654
-805
-401
-639
-428
-647
-603
-487
-489
-397
-644
-272
-676
-326
-512
-579
-382
-552
-722
-477
-555
-507
-611
-723
-515
-705
-566
-596
-741
-595
-515
-638
-593
-441
-226
-442
-696
-570
-703
-776
-407
-623
-696
-744
-794
-655
-715
-648
-550
-507
-678
-517
-458
-473
-565
-431
-459
-726
-642
-523
-732
-577
-480
-326
-480
-455
-564
-652
-509
-514
-507
-494
-387
-616
-438
-605
-666
-571
-764
-716
-732
-422
-424
-467
-634
-455
-551
-524
-575
-397
-585
-276
-354
-591
-603
-378
-517
-520
-844
-466
-314
-371
-430
-541
-610
-485
-445
-553
-476
-692
-417
-657
-513
-395
-692
-330
-443
-574
-660
-765
-699
-618
-547
-798
-417
-512
-378
-581
-475
-294
-503
-391
-330
-442
-766
-615
-468
-409
-649
-428
-484
-474
-516
-502
-477
-667
-204
-566
-565
-637
-497
-487
-628
-596
-388
-536
-621
-659
-495
-580
-389
-460
-656
-688
-574
-703
-723
-552
-271
-421
-610
-551
-664
-656
-509
-649
-619
-383
-509
-577
-587
-426
-585
-672
-456
-687
-546
-326
-765
-642
-361
-610
-414
-566
-694
-537
-607
-652
-411
-421
-842
-671
-622
-507
-525
-219
-604
-484
-421
-746
-579
-799
-357
-704
-398
-566
-513
-570
-563
-678
-478
-766
-441
-289
-741
-547
-389
-526
-553
-532
-691
-622
-667
-654
-514
-317
-327
-359
-366
-624
-502
-565
-410
-728
-476
-650
-644
-884
-547
-523
-451
-565
-373
-596
-501
-380
-473
-691
-406
-855
-543
-435
-514
-476
-515
-335
-562
-444
-503
-546
-671
-476
-468
-373
-513
-264
-632
-509
-504
-397
-425
-441
-551
-709
-472
-644
-451
-590
-597
-547
-376
-357
-467
-300
-551
-667
-424
-589
-562
-729
-437
-783
-374
-573
-634
-500
-433
-766
-378
-549
-313
-543
-405
-604
-212
-549
-504
-505
-743
-347
-659
-564
-550
-676
-478
-530
-675
-486
-584
-660
-453
-424
-443
-392
-346
-381
-465
-466
-384
-372
-582
-423
-395
-458
-490
-587
-744
-584
-679
-565
-488
-692
-586
-501
-577
-641
-624
-509
-540
-436
-716
-635
-498
-500
-387
-627
-448
-512
-643
-636
-554
-622
-406
-405
-609
-461
-340
-435
-419
-471
-805
-403
-472
-538
-410
-558
-346
-676
-603
-598
-580
-257
-425
-694
-409
-627
-513
-523
-562
-493
-541
-433
-481
-387
-586
-597
-370
-543
-308
-720
-495
-453
-476
-388
-612
-658
-522
-425
-440
-430
-504
-617
-686
-596
-496
-459
-342
-643
-619
-457
-497
-452
-431
-455
-746
-499
-530
-486
-795
-501
-631
-673
-460
-501
-741
-668
-573
-648
-500
-702
-680
-419
-557
-581
-611
-569
-632
-499
-787
-446
-611
-599
-306
-545
-497
-497
-684
-408
-765
-521
-532
-319
-611
-327
-549
-582
-498
-578
-499
-325
-557
-580
-349
-476
-566
-456
-644
-714
-752
-444
-691
-520
-755
-658
-529
-421
-459
-419
-476
-614
-573
-484
-565
-557
-595
-597
-511
-622
-539
-602
-535
-677
-437
-547
-453
-525
-550
-494
-592
-656
-581
-526
-450
-658
-463
-599
-452
-583
-578
-507
-518
-424
-648
-219
-597
-495
-498
-634
-518
-685
-560
-611
-402
-542
-659
-536
-479
-414
-334
-630
-456
-365
-636
-349
-938
-436
-630
-563
-600
-632
-575
-401
-635
-384
-619
-495
-675
-474
-450
-635
-495
-524
-514
-437
-582
-684
-362
-409
-544
-484
-325
-526
-490
-846
-544
-596
-577
-454
-701
-587
-588
-616
-363
-718
-543
-604
-609
-596
-430
-533
-699
-517
-371
-573
-577
-370
-404
-511
-659
-643
-494
-315
-409
-207
-739
-283
-824
-740
-448
-491
-378
-602
-484
-669
-351
-504
-626
-521
-578
-675
-466
-507
-416
-565
-627
-474
-591
-614
-616
-651
-460
-529
-585
-670
-654
-552
-478
-511
-601
-340
-461
-338
-646
-395
-434
-609
-587
-474
-550
-644
-415
-698
-348
-608
-661
-491
-642
-508
-598
-628
-439
-604
-523
-409
-652
-328
-482
-506
-486
-338
-513
-451
-754
-537
-777
-537
-598
-711
-486
-754
-458
-629
-647
-514
-392
-622
-445
-476
-620
-642
-506
-838
-530
-451
-517
-528
-687
-269
-526
-417
-424
-443
-558
-462
-503
-532
-712
-369
-365
-449
-581
-561
-455
-744
-602
-579
-327
-543
-454
-485
-626
-863
-258
-740
-440
-874
-455
-495
-753
-400
-639
-670
-814
-895
-642
-510
-367
-554
-525
-793
-654
-423
-636
-561
-527
-475
-511
-729
-698
-337
-633
-839
-641
-505
-644
-259
-607
-669
-626
-463
-616
-612
-418
-763
-513
-555
-773
-449
-438
-700
-579
-436
-663
-263
-343
-448
-567
-628
-498
-687
-524
-360
-537
-646
-596
-349
-351
-304
-636
-636
-431
-725
-484
-649
-625
-464
-487
-603
-700
-600
-572
-642
-421
-756
-748
-366
-538
-592
-510
-512
-420
-609
-434
-443
-551
-469
-371
-707
-452
-728
-416
-608
-546
-459
-605
-441
-462
-619
-598
-528
-629
-588
-290
-569
-278
-626
-670
-759
-540
-408
-491
-866
-299
-568
-543
-463
-773
-558
-589
-668
-431
-357
-418
-433
-567
-610
-616
-450
-428
-583
-559
-584
-756
-593
-623
-250
-504
-450
-614
-428
-448
-777
-464
-477
-677
-483
-316
-434
-487
-426
-838
-535
-647
-472
-510
-312
-451
-580
-448
-414
-593
-483
-449
-541
-547
-610
-335
-439
-446
-611
-608
-542
-436
-515
-497
-670
-479
-477
-588
-527
-500
-178
-660
-629
-640
-670
-516
-611
-584
-519
-698
-416
-274
-541
-411
-341
-464
-459
-504
-518
-320
-515
-714
-577
-417
-566
-488
-379
-662
-512
-441
-559
-343
-535
-408
-506
-590
-569
-608
-422
-438
-594
-459
-322
-375
-428
-568
-573
-596
-462
-679
-511
-489
-495
-443
-559
-526
-825
-402
-394
-790
-299
-390
-495
-585
-525
-380
-701
-535
-553
-376
-554
-500
-560
-295
-508
-550
-538
-663
-460
-540
-680
-364
-690
-552
-645
-606
-720
-574
-783
-360
-616
-533
-586
-593
-513
-402
-585
-670
-377
-750
-647
-619
-574
-535
-484
-505
-459
-642
-554
-436
-538
-428
-366
-561
-444
-506
-588
-589
-607
-513
-808
-423
-758
-419
-715
-450
-452
-458
-662
-397
-671
-587
-356
-586
-400
-662
-441
-514
-473
-634
-301
-630
-652
-664
-394
-486
-643
-749
-482
-514
-443
-537
-482
-782
-787
-548
-706
-368
-570
-330
-643
-488
-539
-610
-530
-475
-667
-506
-597
-431
-591
-362
-622
-263
-382
-735
-551
-569
-525
-434
-529
-615
-736
-657
-563
-448
-342
-525
-679
-527
-402
-646
-605
-418
-521
-667
-560
-620
-573
-432
-572
-482
-630
-589
-585
-471
-383
-473
-497
-407
-723
-639
-750
-447
-655
-485
-741
-776
-706
-515
-938
-584
-493
-189
-540
-343
-464
-483
-607
-526
-444
-452
-550
-497
-486
-459
-415
-725
-518
-602
-356
-732
-424
-403
-579
-635
-610
-594
-339
-464
-595
-766
-643
-418
-579
-328
-520
-421
-641
-331
-409
-476
-519
-431
-392
-535
-680
-619
-436
-511
-577
-642
-389
-770
-506
-351
-805
-329
-753
-511
-486
-611
-461
-536
-466
-531
-551
-602
-673
-541
-516
-503
-758
-716
-525
-561
-550
-328
-555
-461
-603
-540
-643
-667
-386
-472
-276
-724
-652
-645
-737
-618
-513
-606
-791
-529
-565
-540
-575
-589
-481
-431
-283
-517
-342
-650
-570
-465
-236
-426
-427
-696
-463
-657
-621
-359
-592
-490
-311
-647
-290
-653
-355
-700
-572
-556
-485
-577
-428
-780
-482
-489
-408
-586
-350
-396
-608
-423
-539
-521
-669
-711
-452
-776
-503
-492
-643
-396
-439
-686
-591
-357
-453
-391
-488
-545
-490
-690
-360
-591
-543
-555
-502
-662
-654
-685
-640
-599
-400
-500
-409
-713
-824
-566
-295
-628
-606
-645
-614
-620
-473
-441
-358
-390
-468
-366
-337
-525
-559
-540
-369
-503
-691
-749
-313
-403
-618
-626
-619
-535
-599
-488
-555
-643
-453
-513
-463
-390
-511
-493
-398
-525
-356
-314
-438
-489
-428
-593
-448
-569
-631
-526
-477
-464
-617
-668
-517
-462
-466
-565
-392
-587
-429
-494
-528
-349
-717
-614
-776
-710
-589
-782
-617
-596
-777
-490
-760
-513
-667
-467
-365
-356
-565
-513
-750
-708
-596
-350
-447
-650
-535
-318
-574
-584
-374
-594
-333
-639
-430
-648
-455
-675
-405
-501
-646
-713
-467
-654
-630
-384
-206
-512
-539
-421
-533
-566
-593
-734
-399
-640
-558
-622
-574
-510
-613
-627
-674
-562
-690
-524
-315
-451
-347
-307
-838
-464
-605
-315
-538
-485
-400
-316
-273
-744
-492
-632
-663
-935
-703
-509
-402
-561
-703
-603
-469
-646
-236
-570
-405
-904
-289
-573
-412
-427
-400
-581
-510
-655
-353
-903
-559
-599
-654
-376
-465
-623
-347
-517
-600
-459
-541
-329
-461
-470
-564
-540
-659
-656
-361
-519
-412
-655
-216
-567
-411
-360
-578
-554
-264
-402
-606
-556
-412
-515
-336
-693
-743
-496
-529
-295
-403
-481
-439
-602
-884
-459
-643
-463
-582
-172
-601
-407
-532
-672
-566
-712
-662
-512
-681
-678
-208
-608
-519
-452
-522
-489
-429
-686
-479
-458
-484
-367
-593
-530
-498
-650
-640
-662
-397
-789
-673
-435
-624
-596
-394
-416
-313
-469
-366
-608
-512
-531
-547
-672
-380
-673
-484
-551
-450
-558
-414
-508
-328
-678
-355
-499
-349
-319
-398
-302
-278
-396
-261
-759
-559
-533
-558
-412
-524
-409
-457
-342
-402
-604
-466
-268
-599
-342
-622
-607
-362
-616
-342
-645
-831
-355
-391
-535
-439
-611
-770
-559
-489
-635
-399
-551
-470
-347
-444
-399
-432
-668
-275
-658
-379
-650
-577
-701
-393
-627
-766
-501
-495
-589
-515
-548
-547
-512
-533
-423
-477
-501
-516
-460
-460
-574
-566
-647
-574
-753
-264
-368
-624
-486
-384
-637
-716
-446
-651
-629
-576
-633
-471
-524
-514
-675
-455
-591
-797
-645
-640
-608
-462
-490
-646
-544
-448
-425
-539
-763
-465
-734
-421
-643
-757
-839
-677
-720
-600
-583
-538
-561
-612
-640
-575
-862
-404
-571
-270
-568
-665
-575
-704
-628
-527
-538
-453
-578
-364
-575
-607
-613
-433
-467
-682
-631
-665
-579
-648
-690
-324
-535
-437
-600
-610
-601
-731
-673
-620
-464
-519
-621
-423
-491
-375
-500
-356
-583
-456
-452
-733
-598
-560
-492
-563
-584
-492
-516
-503
-288
-682
-543
-311
-767
-507
-374
-443
-533
-349
-528
-431
-582
-605
-510
-602
-595
-534
-647
-695
-274
-613
-343
-528
-485
-437
-283
-584
-549
-712
-601
-602
-634
-627
-438
-743
-519
-652
-562
-640
-647
-654
-582
-556
-329
-501
-149
-700
-442
-449
-599
-628
-713
-637
-509
-462
-464
-449
-533
-757
-504
-464
-347
-772
-566
-490
-522
-600
-590
-289
-467
-398
-400
-406
-432
-429
-663
-673
-387
-660
-372
-579
-449
-599
-396
-507
-652
-614
-598
-340
-467
-222
-680
-788
-577
-405
-364
-656
-631
-571
-485
-438
-557
-405
-620
-577
-623
-495
-540
-390
-585
-488
-629
-385
-465
-592
-502
-495
-556
-471
-624
-638
-461
-647
-295
-506
-384
-427
-458
-511
-643
-377
-732
-391
-799
-259
-448
-266
-547
-757
-580
-571
-393
-257
-407
-182
-539
-331
-515
-701
-446
-661
-439
-410
-497
-585
-478
-547
-652
-277
-520
-699
-644
-586
-601
-571
-549
-540
-230
-445
-539
-645
-461
-503
-492
-577
-554
-516
-268
-468
-745
-554
-598
-637
-661
-568
-504
-697
-519
-411
-635
-570
-312
-440
-583
-753
-442
-485
-356
-458
-653
-376
-563
-567
-673
-587
-625
-253
-582
-405
-553
-534
-302
-505
-365
-574
-495
-506
-406
-703
-458
-685
-184
-790
-402
-613
-478
-627
-425
-530
-655
-472
-411
-265
-337
-426
-329
-672
-459
-656
-375
-421
-529
-381
-304
-637
-425
-577
-614
-597
-713
-619
-757
-617
-494
-525
-581
-361
-457
-612
-539
-455
-675
-496
-571
-497
-714
-441
-476
-472
-420
-709
-398
-343
-675
-345
-366
-470
-594
-435
-541
-693
-420
-606
-633
-735
-611
-604
-672
-183
-586
-526
-694
-656
-630
-575
-592
-380
-484
-419
-563
-513
-682
-805
-631
-435
-497
-470
-598
-419
-529
-486
-402
-579
-206
-641
-465
-512
-560
-487
-499
-751
-525
-397
-695
-611
-651
-533
-638
-453
-500
-478
-473
-359
-674
-260
-770
-319
-629
-562
-540
-542
-470
-561
-733
-506
-763
-513
-398
-468
-442
-497
-433
-741
-571
-622
-499
-613
-556
-516
-491
-718
-439
-602
-715
-585
-508
-605
-534
-459
-607
-618
-545
-416
-547
-423
-508
-487
-645
-418
-589
-363
-845
-575
-630
-530
-612
-378
-516
-765
-532
-621
-608
-665
-658
-293
-500
-440
-350
-442
-745
-624
-674
-344
-728
-674
-507
-754
-314
-654
-391
-447
-335
-447
-557
-470
-515
-442
-421
-668
-390
-483
-663
-473
-506
-413
-456
-706
-634
-726
-586
-461
-576
-520
-519
-510
-262
-534
-385
-600
-621
-577
-634
-484
-569
-427
-463
-420
-640
-575
-456
-600
-541
-538
-622
-662
-494
-378
-639
-744
-620
-580
-781
-392
-766
-547
-293
-588
-449
-702
-456
-683
-563
-518
-746
-545
-580
-551
-521
-459
-494
-341
-561
-462
-476
-648
-636
-542
-460
-537
-444
-621
-429
-289
-546
-514
-392
-592
-751
-595
-521
-680
-524
-563
-497
-467
-594
-594
-703
-721
-623
-460
-658
-606
-778
-451
-601
-402
-487
-819
-560
-473
-362
-772
-558
-505
-778
-512
-794
-566
-503
-567
-448
-810
-314
-350
-474
-629
-463
-538
-544
-554
-490
-616
-442
-604
-672
-152
-547
-236
-501
-758
-370
-672
-425
-593
-741
-650
-538
-499
-559
-592
-566
-427
-430
-457
-418
-436
-484
-457
-602
-653
-940
-631
-632
-567
-678
-562
-305
-295
-521
-550
-337
-516
-622
-531
-597
-405
-496
-386
-456
-527
-808
-368
-589
-711
-578
-541
-665
-522
-206
-562
-673
-432
-656
-802
-611
-643
-775
-481
-648
-546
-597
-574
-367
-304
-455
-796
-659
-502
-524
-773
-584
-591
-631
-660
-682
-407
-437
-391
-497
-474
-690
-663
-523
-271
-610
-438
-410
-679
-483
-479
-493
-488
-435
-404
-149
-480
-501
-628
-615
-608
-400
-591
-634
-570
-562
-460
-477
-576
-403
-509
-628
-462
-383
-486
-383
-557
-594
-408
-518
-580
-437
-518
-473
-581
-252
-432
-614
-626
-632
-623
-613
-605
-531
-486
-383
-388
-331
-766
-546
-336
-452
-735
-764
-598
-518
-588
-591
-462
-634
-700
-532
-569
-668
-340
-544
-414
-574
-463
-594
-477
-462
-541
-457
-685
-500
-701
-482
-684
-457
-581
-693
-314
-448
-649
-372
-475
-559
-688
-434
-547
-595
-490
-439
-729
-552
-492
-545
-243
-235
-588
-82
-227
-339
-485
-534
-473
-588
-587
-640
-647
-636
-500
-613
-439
-577
-407
-607
-362
-543
-675
-455
-574
-517
-465
-523
-507
-319
-455
-641
-790
-491
-808
-491
-629
-837
-745
-527
-575
-430
-683
-737
-391
-675
-640
-681
-464
-404
-503
-539
-611
-512
-640
-681
-603
-646
-616
-457
-656
-478
-632
-375
-592
-599
-398
-712
-756
-541
-551
-657
-343
-576
-564
-355
-591
-451
-441
-480
-468
-634
-489
-637
-666
-571
-674
-553
-557
-692
-526
-520
-490
-617
-461
-572
-511
-227
-366
-397
-506
-665
-238
-346
-461
-359
-573
-560
-450
-584
-439
-630
-492
-616
-538
-656
-661
-516
-515
-723
-456
-720
-542
-669
-513
-470
-651
-672
-416
-581
-566
-808
-685
-750
-420
-728
-701
-499
-629
-423
-478
-458
-271
-310
-402
-665
-442
-452
-364
-712
-580
-507
-680
-638
-883
-626
-446
-696
-452
-412
-397
-469
-525
-419
-561
-447
-717
-484
-675
-798
-523
-459
-512
-468
-538
-435
-452
-432
-384
-339
-491
-352
-674
-581
-487
-617
-639
-522
-677
-521
-318
-609
-644
-439
-616
-417
-378
-387
-467
-522
-574
-422
-564
-698
-487
-405
-515
-501
-612
-521
-627
-527
-699
-507
-565
-492
-491
-709
-403
-580
-492
-623
-368
-582
-531
-601
-319
-441
-790
-652
-580
-478
-617
-454
-467
-666
-738
-244
-607
-170
-408
-439
-385
-589
-391
-474
-518
-595
-396
-654
-424
-339
-680
-616
-588
-421
-510
-621
-587
-402
-574
-520
-440
-596
-463
-578
-510
-626
-470
-416
-454
-638
-573
-547
-345
-353
-754
-391
-666
-375
-583
-442
-566
-635
-724
-538
-413
-434
-189
-453
-454
-600
-452
-552
-640
-528
-372
-703
-404
-575
-519
-416
-519
-403
-612
-431
-744
-464
-670
-549
-356
-521
-569
-486
-303
-432
-409
-648
-680
-842
-533
-612
-525
-837
-586
-710
-643
-602
-331
-431
-258
-670
-642
-635
-590
-393
-727
-308
-348
-495
-549
-821
-629
-599
-627
-589
-300
-503
-573
-561
-652
-530
-561
-726
-459
-488
-584
-431
-647
-653
-502
-553
-444
-244
-493
-468
-437
-518
-673
-715
-765
-438
-417
-550
-619
-449
-565
-478
-361
-583
-456
-441
-399
-475
-396
-692
-498
-686
-487
-553
-730
-367
-604
-492
-551
-469
-497
-631
-415
-460
-452
-623
-469
-557
-533
-497
-434
-796
-496
-408
-450
-523
-457
-507
-594
-751
-409
-502
-400
-654
-342
-447
-703
-653
-374
-595
-387
-295
-537
-389
-506
-874
-426
-409
-445
-768
-465
-398
-383
-445
-584
-184
-782
-444
-500
-601
-379
-645
-637
-435
-448
-715
-503
-536
-492
-375
-427
-308
-407
-612
-379
-639
-442
-447
-465
-503
-508
-468
-626
-457
-524
-450
-372
-345
-332
-647
-520
-312
-728
-431
-608
-471
-557
-631
-698
-844
-376
-570
-502
-513
-618
-512
-628
-494
-511
-608
-401
-589
-460
-531
-380
-513
-570
-271
-607
-703
-596
-632
-607
-469
-643
-565
-384
-603
-474
-424
-523
-660
-575
-391
-370
-598
-589
-451
-734
-299
-619
-695
-487
-541
-477
-319
-312
-225
-864
-442
-421
-505
-617
-556
-457
-582
-637
-588
-520
-476
-508
-457
-376
-597
-536
-328
-559
-529
-484
-607
-621
-403
-531
-540
-721
-584
-663
-443
-500
-316
-620
-569
-467
-238
-469
-447
-470
-438
-679
-453
-423
-622
-609
-730
-621
-652
-714
-558
-434
-455
-522
-492
-665
-475
-629
-674
-489
-517
-611
-630
-479
-307
-523
-533
-550
-481
-528
-489
-261
-676
-520
-352
-543
-463
-467
-562
-304
-579
-571
-414
-325
-381
-550
-305
-643
-638
-350
-632
-428
-566
-605
-253
-351
-415
-569
-532
-527
-595
-539
-494
-612
-733
-263
-714
-599
-814
-556
-674
-322
-567
-446
-661
-503
-751
-612
-561
-510
-508
-671
-668
-452
-755
-634
-656
-835
-435
-494
-380
-609
-314
-394
-547
-657
-676
-584
-446
-553
-734
-556
-517
-542
-524
-480
-480
-570
-513
-568
-443
-531
-543
-701
-511
-479
-581
-183
-603
-464
-722
-579
-343
-323
-564
-537
-461
-582
-567
-373
-516
-356
-181
-607
-533
-418
-519
-511
-222
-505
-519
-428
-282
-475
-486
-607
-585
-476
-422
-392
-307
-645
-485
-447
-577
-499
-658
-570
-339
-318
-754
-375
-574
-651
-647
-767
-827
-563
-581
-409
-514
-445
-470
-608
-537
-686
-390
-500
-451
-615
-575
-535
-561
-613
-547
-674
-609
-493
-554
-300
-592
-196
-436
-627
-459
-721
-314
-575
-610
-395
-377
-414
-393
-417
-724
-341
-604
-490
-718
-608
-385
-900
-638
-591
-647
-507
-466
-504
-489
-655
-467
-780
-305
-741
-703
-511
-735
-463
-652
-413
-553
-543
-525
-444
-757
-318
-409
-750
-655
-606
-686
-437
-648
-589
-457
-469
-470
-336
-683
-733
-390
-487
-379
-481
-551
-661
-322
-264
-544
-532
-564
-690
-522
-356
-601
-489
-566
-681
-734
-506
-612
-601
-457
-525
-323
-363
-484
-441
-573
-429
-459
-559
-455
-704
-580
-629
-519
-269
-583
-384
-610
-475
-495
-587
-599
-648
-735
-123
-777
-460
-516
-578
-446
-565
-406
-545
-635
-486
-556
-725
-789
-575
-649
-706
-567
-592
-602
-615
-815
-572
-996
-453
-843
-445
-521
-674
-682
-564
-395
-461
-602
-468
-398
-605
-352
-761
-611
-354
-692
-432
-655
-723
-442
-322
-604
-372
-413
-621
-447
-550
-308
-762
-482
-549
-399
-496
-290
-495
-694
-420
-766
-523
-515
-521
-600
-453
-665
-629
-320
-438
-483
-491
-572
-585
-643
-452
-762
-359
-561
-567
-439
-460
-514
-712
-297
-424
-458
-382
-417
-609
-635
-551
-456
-534
-654
-444
-536
-623
-642
-468
-604
-550
-382
-716
-750
-875
-473
-682
-580
-628
-702
-423
-661
-553
-836
-552
-525
-616
-624
-627
-518
-560
-545
-468
-531
-648
-377
-474
-566
-535
-530
-488
-643
-685
-549
-474
-448
-508
-330
-599
-604
-499
-635
-540
-747
-386
-386
-475
-729
-550
-729
-358
-518
-511
-564
-525
-478
-419
-434
-815
-588
-563
-553
-324
-544
-445
-566
-486
-410
-524
-508
-477
-581
-332
-471
-605
-600
-491
-792
-544
-546
-622
-498
-478
-488
-157
-510
-569
-775
-554
-391
-633
-435
-391
-421
-859
-492
-572
-512
-592
-633
-574
-541
-518
-496
-493
-471
-546
-572
-511
-601
-543
-658
-709
-532
-455
-624
-463
-641
-535
-395
-808
-525
-539
-491
-535
-684
-706
-611
-911
-454
-784
-418
-429
-699
-443
-569
-693
-443
-659
-587
-609
-379
-541
-528
-450
-562
-594
-499
-429
-253
-656
-302
-591
-604
-779
-505
-511
-534
-503
-513
-749
-615
-506
-603
-583
-686
-648
-442
-317
-427
-720
-453
-512
-489
-622
-580
-792
-441
-559
-524
-736
-432
-310
-574
-681
-563
-597
-480
-523
-349
-577
-375
-722
-607
-736
-458
-548
-645
-544
-281
-431
-482
-327
-307
-509
-256
-598
-455
-581
-598
-529
-448
-566
-398
-413
-712
-647
-535
-539
-635
-541
-583
-418
-613
-469
-572
-675
-520
-527
-646
-442
-431
-544
-634
-709
-492
-428
-626
-492
-602
-438
-640
-637
-540
-418
-619
-334
-439
-764
-610
-543
-574
-586
-532
-698
-418
-523
-479
-623
-396
-347
-420
-331
-736
-498
-555
-378
-571
-745
-534
-764
-464
-437
-749
-475
-709
-550
-807
-416
-598
-391
-569
-807
-516
-719
-723
-560
-575
-464
-616
-479
-665
-287
-618
-456
-743
-462
-508
-304
-502
-691
-571
-622
-559
-659
-661
-485
-546
-506
-547
-459
-627
-530
-496
-701
-438
-641
-452
-624
-835
-480
-652
-409
-343
-736
-597
-463
-580
-505
-500
-564
-551
-587
-543
-524
-537
-384
-429
-584
-355
-747
-447
-763
-413
-522
-477
-658
-612
-539
-743
-621
-513
-607
-494
-588
-397
-532
-275
-540
-536
-739
-452
-513
-422
-679
-639
-467
-525
-400
-864
-273
-554
-432
-564
-492
-576
-589
-691
-623
-699
-758
-553
-567
-673
-717
-373
-733
-466
-677
-338
-472
-545
-462
-625
-412
-402
-458
-515
-545
-574
-623
-805
-622
-759
-479
-369
-457
-624
-538
-290
-658
-623
-583
-509
-768
-574
-538
-513
-465
-601
-659
-395
-582
-522
-651
-652
-512
-595
-431
-464
-350
-362
-527
-633
-272
-387
-412
-566
-403
-616
-479
-715
-312
-491
-497
-608
-549
-512
-771
-490
-632
-235
-541
-394
-632
-552
-685
-656
-490
-477
-699
-521
-655
-554
-475
-506
-551
-298
-751
-506
-396
-661
-525
-498
-560
-623
-376
-651
-528
-740
-582
-527
-583
-544
-536
-521
-529
-254
-579
-641
-631
-805
-349
-459
-551
-392
-587
-559
-605
-765
-581
-621
-482
-452
-394
-631
-631
-410
-574
-435
-524
-690
-490
-664
-576
-536
-507
-794
-651
-713
-642
-576
-472
-559
-608
-696
-519
-574
-662
-381
-547
-515
-302
-489
-630
-453
-477
-437
-432
-300
-293
-442
-506
-585
-800
-303
-471
-422
-657
-373
-624
-246
-558
-604
-635
-550
-524
-623
-430
-536
-626
-407
-473
-502
-628
-415
-588
-713
-518
-603
-515
-614
-619
-428
-582
-271
-554
-675
-430
-755
-398
-573
-748
-462
-669
-483
-284
-663
-270
-563
-382
-317
-563
-662
-390
-631
-832
-576
-556
-473
-606
-546
-672
-485
-538
-544
-481
-572
-212
-508
-475
-640
-526
-664
-690
-711
-745
-469
-549
-607
-364
-545
-572
-282
-566
-386
-426
-368
-383
-255
-554
-419
-811
-509
-476
-575
-347
-488
-516
-575
-460
-378
-230
-263
-502
-755
-506
-601
-778
-641
-524
-695
-600
-736
-424
-499
-303
-520
-570
-337
-606
-476
-352
-552
-460
-603
-432
-548
-457
-678
-415
-760
-561
-506
-615
-608
-545
-413
-462
-538
-721
-526
-438
-380
-614
-552
-549
-450
-320
-719
-475
-526
-720
-541
-742
-641
-509
-501
-624
-215
-547
-355
-518
-316
-554
-844
-405
-575
-637
-583
-563
-470
-433
-593
-472
-541
-381
-415
-501
-391
-485
-198
-771
-511
-213
-472
-519
-525
-374
-524
-438
-545
-432
-430
-424
-527
-575
-616
-333
-337
-586
-275
-692
-655
-769
-711
-669
-492
-638
-468
-542
-497
-490
-319
-545
-456
-657
-456
-583
-487
-477
-554
-647
-497
-385
-415
-440
-624
-559
-588
-511
-558
-573
-520
-615
-512
-322
-379
-663
-650
-358
-432
-716
-559
-616
-859
-659
-579
-463
-502
-615
-600
-501
-507
-612
-561
-384
-414
-398
-700
-348
-429
-459
-649
-547
-472
-708
-547
-313
-560
-702
-486
-605
-468
-423
-425
-521
-385
-499
-397
-679
-635
-350
-673
-524
-628
-425
-711
-626
-550
-410
-634
-665
-587
-547
-376
-475
-535
-626
-685
-453
-379
-443
-679
-486
-443
-784
-342
-569
-452
-488
-675
-556
-453
-786
-462
-817
-654
-539
-721
-514
-733
-249
-571
-584
-333
-731
-427
-596
-337
-701
-466
-203
-565
-272
-510
-436
-345
-432
-586
-444
-570
-500
-681
-470
-548
-280
-690
-725
-620
-662
-598
-529
-320
-575
-483
-404
-578
-444
-598
-502
-449
-571
-572
-574
-349
-530
-541
-436
-544
-372
-360
-435
-451
-565
-319
-524
-566
-267
-503
-553
-302
-626
-437
-647
-404
-690
-394
-647
-499
-777
-390
-714
-598
-617
-745
-599
-639
-652
-564
-505
-582
-579
-460
-540
-407
-690
-599
-825
-505
-500
-509
-484
-327
-481
-775
-480
-688
-305
-566
-328
-715
-483
-729
-641
-533
-576
-410
-543
-369
-575
-454
-439
-483
-504
-245
-621
-436
-666
-538
-676
-457
-339
-524
-441
-674
-479
-552
-475
-651
-553
-346
-564
-389
-337
-541
-487
-598
-576
-572
-544
-448
-598
-536
-611
-1045
-459
-737
-400
-548
-581
-695
-355
-599
-444
-578
-499
-328
-472
-649
-374
-638
-520
-641
-657
-704
-580
-471
-501
-569
-610
-653
-629
-715
-375
-572
-627
-423
-310
-496
-618
-301
-642
-476
-613
-699
-766
-625
-408
-531
-625
-520
-758
-595
-440
-631
-514
-662
-166
-695
-351
-487
-591
-336
-556
-486
-530
-602
-432
-731
-421
-447
-397
-482
-557
-348
-747
-315
-665
-755
-500
-523
-904
-495
-565
-315
-707
-561
-650
-275
-489
-533
-604
-717
-754
-404
-635
-570
-523
-403
-475
-613
-612
-693
-473
-517
-514
-738
-512
-618
-557
-440
-494
-481
-506
-382
-812
-618
-549
-774
-496
-614
-479
-682
-372
-542
-393
-577
-708
-472
-605
-539
-382
-413
-398
-342
-404
-522
-453
-881
-535
-673
-589
-488
-478
-698
-485
-447
-636
-650
-888
-514
-755
-422
-566
-523
-645
-391
-619
-350
-404
-351
-425
-563
-604
-604
-531
-478
-651
-412
-763
-457
-510
-451
-640
-358
-635
-457
-787
-456
-535
-890
-484
-515
-746
-679
-348
-805
-510
-805
-759
-636
-614
-526
-513
-688
-551
-384
-679
-637
-630
-622
-451
-558
-579
-627
-510
-445
-426
-314
-260
-553
-465
-467
-556
-549
-562
-570
-610
-627
-460
-547
-466
-419
-676
-752
-675
-657
-455
-540
-420
-466
-371
-530
-555
-662
-767
-496
-633
-633
-626
-533
-636
-517
-744
-700
-466
-544
-413
-449
-532
-494
-702
-497
-642
-671
-615
-556
-184
-406
-304
-317
-349
-469
-255
-635
-671
-492
-673
-439
-326
-458
-685
-502
-492
-612
-664
-504
-539
-650
-618
-500
-613
-443
-634
-349
-764
-281
-850
-680
-510
-670
-554
-330
-323
-593
-465
-663
-716
-512
-736
-651
-589
-672
-611
-618
-395
-602
-735
-448
-570
-464
-563
-591
-507
-634
-345
-488
-593
-580
-821
-326
-653
-609
-487
-502
-394
-510
-428
-676
-460
-782
-303
-611
-478
-431
-395
-698
-447
-705
-403
-756
-469
-356
-786
-428
-449
-533
-599
-584
-628
-496
-599
-570
-491
-660
-463
-560
-363
-612
-288
-660
-415
-464
-606
-351
-465
-537
-362
-472
-617
-703
-432
-613
-645
-534
-423
-574
-444
-547
-603
-387
-539
-622
-567
-446
-532
-584
-531
-569
-349
-497
-379
-430
-530
-391
-591
-620
-762
-635
-722
-528
-657
-660
-737
-377
-538
-596
-435
-525
-550
-587
-727
-559
-472
-554
-718
-540
-615
-513
-522
-552
-583
-474
-357
-370
-585
-537
-635
-548
-397
-547
-469
-419
-295
-244
-444
-566
-477
-493
-464
-532
-504
-739
-583
-528
-610
-590
-756
-382
-795
-690
-422
-571
-716
-486
-542
-487
-582
-514
-541
-420
-587
-521
-687
-499
-606
-668
-453
-567
-663
-643
-574
-304
-653
-383
-485
-517
-327
-331
-342
-602
-469
-474
-588
-528
-577
-692
-666
-586
-504
-411
-179
-574
-380
-681
-565
-571
-420
-828
-667
-589
-747
-518
-633
-521
-668
-602
-498
-400
-564
-638
-524
-830
-560
-566
-468
-544
-567
-326
-562
-580
-454
-389
-374
-446
-575
-412
-384
-522
-397
-477
-630
-554
-306
-561
-355
-393
-381
-562
-681
-272
-397
-655
-622
-738
-560
-601
-587
-767
-529
-623
-426
-367
-507
-402
-712
-651
-615
-572
-570
-492
-477
-440
-650
-356
-562
-432
-618
-693
-602
-319
-530
-476
-605
-423
-576
-619
-426
-695
-612
-650
-596
-626
-476
-672
-631
-680
-587
-767
-519
-558
-567
-557
-519
-447
-629
-666
-880
-377
-444
-385
-470
-364
-472
-550
-557
-557
-336
-567
-434
-620
-238
-487
-582
-378
-889
-539
-629
-597
-486
-593
-505
-262
-558
-521
-289
-538
-664
-350
-641
-516
-609
-410
-693
-67
-695
-537
-428
-418
-429
-566
-655
-697
-560
-440
-572
-677
-459
-334
-445
-355
-534
-470
-604
-500
-260
-517
-374
-664
-415
-548
-552
-444
-511
-737
-529
-615
-635
-401
-668
-777
-667
-476
-424
-625
-648
-621
-569
-521
-565
-722
-403
-715
-346
-860
-280
-785
-580
-425
-557
-760
-566
-649
-598
-484
-425
-442
-382
-396
-367
-561
-722
-444
-601
-533
-595
-608
-471
-496
-295
-426
-600
-535
-545
-516
-478
-553
-515
-645
-493
-572
-568
